0.366667 -0.0678185 2.05232 0.784063 0.995409 0.0459907 0.0546941 0.0636747
0.4 -0.122304 2.24749 0.817747 0.99459 0.0396613 0.0565732 0.0775752
0.433333 -0.158859 2.44793 0.841383 0.994144 0.0341674 0.0576873 0.0847446
0.466667 -0.182639 2.65025 0.854825 0.993352 0.0322642 0.062023 0.0914531
0.5 -0.210146 2.85165 0.856951 0.992538 0.0316659 0.0622886 0.0999237
0.533333 -0.263777 3.04514 0.826516 0.99263 0.0233803 0.0580365 0.103783
0.566667 -0.29463 3.24584 0.805006 0.991811 0.0199829 0.0587137 0.111643
0.6 -0.322774 3.44628 0.771444 0.991042 0.0197318 0.0613859 0.116952
0.633333 -0.338448 3.64835 0.726155 0.990898 0.0199022 0.0646179 0.1164
0.666667 -0.365825 3.8507 0.644782 0.989653 0.0138366 0.0744104 0.121894
0.7 -0.385816 4.05617 0.52784 0.988536 0.00879826 0.0852755 0.124291
0.733334 -0.421767 4.25616 0.45125 0.987721 0.00782156 0.0864621 0.129883
0.766667 -0.459326 4.45573 0.366348 0.986468 0.00710288 0.0905233 0.136516
0.8 -0.498592 4.65487 0.273954 0.985211 0.00403842 0.0934112 0.143584
0.833334 -0.539237 4.85367 0.174963 0.983872 0.00318291 0.0966071 0.15051
0.866667 -0.581335 5.05223 0.0703068 0.982552 0.00197331 0.0996608 0.15702
0.9 -0.624836 5.25051 -0.0388042 0.981358 0.000908571 0.10134 0.163294
0.933334 -0.6395 5.45375 -0.160013 0.981848 -0.00155678 0.105832 0.157389
0.966667 -0.663321 5.65849 -0.312213 0.980807 -0.00399578 0.114578 0.157716
1 -0.6876 5.86522 -0.461882 0.979594 -0.00560179 0.122128 0.159528
1.03333 -0.731824 6.06518 -0.580975 0.978872 -0.0074038 0.121824 0.164053
1.06667 -0.776845 6.26512 -0.699118 0.977708 -0.0106456 0.124526 0.168722
1.1 -0.822671 6.46495 -0.814957 0.976762 -0.0118207 0.123389 0.174849
1.13333 -0.869228 6.66486 -0.927549 0.975836 -0.0123781 0.12192 0.180906
1.16667 -0.916404 6.86478 -1.03569 0.974282 -0.0150118 0.122225 0.188705
1.2 -0.964231 7.06454 -1.13839 0.9726 -0.0162024 0.125374 0.195108
1.23333 -1.01268 7.26439 -1.23481 0.971161 -0.0189394 0.126962 0.200918
1.26667 -1.0617 7.4644 -1.32407 0.969379 -0.0207734 0.13058 0.206934
1.3 -1.11114 7.66432 -1.40519 0.967845 -0.023764 0.132911 0.212242
1.33333 -1.1609 7.86413 -1.47754 0.965924 -0.0279606 0.133069 0.220233
1.36667 -1.21086 8.06431 -1.54064 0.965091 -0.0291537 0.133829 0.223246
1.4 -1.261 8.26476 -1.59377 0.963827 -0.0308307 0.131916 0.229532
1.43333 -1.31138 8.46526 -1.6366 0.96225 -0.0336348 0.133335 0.234872
1.46667 -1.36202 8.66588 -1.66873 0.961051 -0.0345425 0.133459 0.239533
1.5 -1.41259 8.86677 -1.69021 0.95887 -0.0371428 0.135197 0.246801
1.53333 -1.46315 9.06774 -1.70098 0.956716 -0.0389783 0.135238 0.254726
1.56667 -1.51391 9.26865 -1.70098 0.955498 -0.0382823 0.132041 0.261004
1.6 -1.56502 9.46943 -1.69031 0.953957 -0.0397351 0.130216 0.267265
1.63333 -1.61614 9.6701 -1.66939 0.952483 -0.0415561 0.130283 0.27217
1.66667 -1.66757 9.87056 -1.6386 0.951006 -0.044451 0.130074 0.276934
1.7 -1.71915 10.0707 -1.59848 0.949138 -0.0454366 0.132076 0.282185
1.73333 -1.77094 10.2707 -1.54977 0.94731 -0.0475679 0.129403 0.289129
1.76667 -1.82291 10.4706 -1.49305 0.945187 -0.0476675 0.129158 0.296088
1.8 -1.875 10.6702 -1.4292 0.943456 -0.0498307 0.129351 0.301123
1.83333 -2.07685 10.7788 -1.34256 0.948935 -0.0631374 0.126357 0.282081
1.86667 -2.23325 10.9167 -1.27487 0.947793 -0.0696356 0.119798 0.287208
1.9 -2.2999 11.1209 -1.19299 0.946844 -0.0702978 0.118636 0.290637
1.93333 -2.36608 11.3251 -1.10771 0.946008 -0.0713017 0.115638 0.294301
1.96667 -2.43222 11.5293 -1.02005 0.944507 -0.0716822 0.114175 0.299555
2 -2.51049 11.705 -0.894952 0.943485 -0.0737873 0.114296 0.302206
2.03333 -2.58083 11.9061 -0.804283 0.941393 -0.0761535 0.113737 0.308291
2.06667 -2.65158 12.1068 -0.714456 0.940016 -0.0771615 0.112374 0.312712
2.1 -2.72274 12.3067 -0.626669 0.938727 -0.0783676 0.109618 0.317229
2.13333 -2.79499 12.5057 -0.542215 0.936752 -0.0804001 0.107126 0.32335
2.16667 -2.88358 12.6597 -0.430409 0.935967 -0.0807354 0.103584 0.326677
2.2 -2.95456 12.8111 -0.349192 0.934501 -0.0817945 0.102664 0.330874
2.23333 -3.02878 13.0021 -0.280501 0.933584 -0.0818269 0.0998498 0.334298
2.26667 -3.10434 13.1862 -0.218228 0.931142 -0.0813338 0.0985153 0.341546
2.3 -3.19041 13.3322 -0.160953 0.929233 -0.0811764 0.097059 0.347153
2.33333 -3.26997 13.4864 -0.114486 0.927598 -0.081077 0.0965117 0.351674
2.36667 -3.33697 13.6598 -0.0808857 0.925754 -0.0825103 0.0963713 0.356207
2.4 -3.41685 13.8412 -0.0554662 0.924079 -0.0839667 0.0939244 0.360841
2.43333 -3.49781 14.0208 -0.0404147 0.923119 -0.0844868 0.0927299 0.363476
2.46667 -3.61803 14.1377 -0.0317718 0.922318 -0.0822749 0.0896674 0.36677
2.5 -3.70211 14.3105 -0.0383839 0.920037 -0.0830684 0.086532 0.373021
2.53333 -3.80709 14.4456 -0.0517528 0.918895 -0.0820111 0.0846503 0.376484
2.56667 -3.89343 14.6138 -0.0796063 0.917323 -0.0818683 0.0825917 0.380782
2.6 -3.98128 14.7803 -0.118056 0.916003 -0.0836283 0.0774412 0.384639
2.63333 -4.07022 14.9449 -0.166859 0.914657 -0.0825297 0.0743241 0.388674
2.66667 -4.22577 15.0466 -0.219294 0.913971 -0.0773284 0.0704103 0.392072
2.7 -4.32765 15.1755 -0.294399 0.912439 -0.0767857 0.0685152 0.396061
2.73333 -4.42255 15.3308 -0.372301 0.910162 -0.0769008 0.0663485 0.401608
2.76667 -4.59029 15.4401 -0.449283 0.909158 -0.0760879 0.0599912 0.405023
2.8 -4.71303 15.5586 -0.532997 0.907596 -0.0745994 0.0594833 0.40886
2.83333 -4.87477 15.6597 -0.621799 0.903978 -0.0720644 0.0546489 0.417905
2.86667 -4.98008 15.7955 -0.724318 0.901075 -0.0713204 0.0515703 0.424639
2.9 -5.10617 15.9229 -0.831991 0.898523 -0.0695114 0.0484259 0.430674
2.93333 -5.23275 16.036 -0.933754 0.89709 -0.0695988 0.0422261 0.434284
2.96667 -5.37363 16.1373 -1.03858 0.895155 -0.0682939 0.0353265 0.439073
3 -5.48123 16.2721 -1.15414 0.893327 -0.0658783 0.0327153 0.443347
3.03333 -5.62331 16.3583 -1.2542 0.892361 -0.0640253 0.0260871 0.445996
3.06667 -5.73286 16.4889 -1.36858 0.889985 -0.0606348 0.0228332 0.451363
3.1 -5.84308 16.6179 -1.48087 0.886962 -0.0606498 0.0195186 0.457427
3.13333 -5.95315 16.7458 -1.58987 0.885444 -0.057818 0.0142207 0.460916
3.16667 -6.06263 16.873 -1.69466 0.883457 -0.0555081 0.0106069 0.465091
3.2 -6.17271 16.9985 -1.79414 0.880406 -0.0548697 0.00849833 0.470959
3.23333 -6.30868 17.1121 -1.87421 0.879757 -0.0553534 0.00450259 0.472169
3.26666 -6.42042 17.2348 -1.95911 0.878672 -0.0501107 0.00182948 0.474786
3.3 -6.53156 17.3567 -2.03594 0.877165 -0.0489523 0.000619951 0.477686
3.33333 -6.6428 17.4773 -2.10392 0.875788 -0.0477689 -0.000805105 0.480326
3.36666 -6.75366 17.5971 -2.16251 0.873961 -0.0469591 -0.00387755 0.483707
3.4 -6.86438 17.7159 -2.21112 0.871433 -0.0452727 -0.004598 0.488399
3.43333 -6.97474 17.8341 -2.24925 0.869083 -0.0444995 -0.00645374 0.492618
3.46666 -7.0835 17.9526 -2.27679 0.86685 -0.040478 -0.00870819 0.496847
3.5 -7.19278 18.0694 -2.29381 0.863922 -0.0360405 -0.0115368 0.502202
3.53333 -7.32751 18.1806 -2.28145 0.860659 -0.0353639 -0.0160097 0.507699
3.56666 -7.45633 18.2877 -2.2683 0.858523 -0.032764 -0.0200186 0.511336
3.6 -7.56691 18.401 -2.25156 0.856731 -0.0282079 -0.0213412 0.514549
3.63333 -7.6816 18.5164 -2.21899 0.854547 -0.0236873 -0.0253104 0.518216
3.66666 -7.8028 18.6402 -2.16815 0.851534 -0.0212721 -0.0313017 0.522931
3.7 -7.92988 18.7458 -2.11279 0.849106 -0.0193305 -0.0336796 0.526794
3.73333 -8.0415 18.8546 -2.05622 0.846783 -0.0157911 -0.0363349 0.530461
3.76666 -8.15282 18.962 -1.99162 0.843456 -0.012492 -0.0351394 0.535903
3.8 -8.26389 19.0683 -1.91976 0.839233 -0.0105196 -0.0365967 0.542437
3.83333 -8.37464 19.1736 -1.84161 0.836831 -0.0050341 -0.039878 0.545984
3.86666 -8.48456 19.2781 -1.75802 0.833035 0.00172646 -0.0420383 0.551618
3.9 -8.59511 19.38 -1.66997 0.83081 0.00285116 -0.0438889 0.554815
3.93333 -8.72346 19.4731 -1.57022 0.827208 0.0063122 -0.0455576 0.56001
3.96666 -8.83468 19.5713 -1.47607 0.824736 0.00836883 -0.0459147 0.563588
4 -8.9459 19.6676 -1.38093 0.823264 0.0108231 -0.0478643 0.565534
4.03333 -9.0571 19.7621 -1.28584 0.820022 0.0135451 -0.0495455 0.570022
4.06666 -9.16825 19.8543 -1.19197 0.817203 0.0159826 -0.050638 0.573898
4.1 -9.27929 19.9445 -1.10037 0.81469 0.0194479 -0.0515465 0.577274
4.13333 -9.39031 20.0326 -1.01241 0.811452 0.0220545 -0.0516365 0.581716
4.16666 -9.50855 20.1127 -0.926603 0.808207 0.0269587 -0.0501063 0.586144
4.2 -9.61947 20.1981 -0.848256 0.803467 0.0289652 -0.0524351 0.592328
4.23333 -9.73539 20.2792 -0.773701 0.800684 0.0333572 -0.0551627 0.595609
4.26666 -9.85522 20.3565 -0.705367 0.797753 0.0378512 -0.0558306 0.5992
4.3 -9.97251 20.4325 -0.647169 0.793587 0.0403222 -0.0549488 0.604628
4.33333 -10.0881 20.5069 -0.599158 0.79005 0.042735 -0.054129 0.609151
4.36666 -10.2038 20.5789 -0.560682 0.786481 0.0452856 -0.0526662 0.613696
4.4 -10.3611 20.613 -0.498298 0.782145 0.0481901 -0.0523364 0.619022
4.43333 -10.4889 20.672 -0.46703 0.777597 0.053071 -0.0527007 0.624299
4.46666 -10.6144 20.7318 -0.448134 0.773487 0.0552705 -0.0540537 0.62908
4.5 -10.7312 20.793 -0.450996 0.767319 0.0586138 -0.0552946 0.636183
4.53333 -10.8481 20.8519 -0.465027 0.761932 0.0615291 -0.0542862 0.642438
4.56666 -10.9653 20.9084 -0.490191 0.757896 0.0631572 -0.0530135 0.647143
4.6 -11.0825 20.9624 -0.526297 0.755222 0.0650951 -0.0508327 0.650245
4.63333 -11.2 21.0138 -0.572953 0.752515 0.0650969 -0.050259 0.65342
4.66666 -11.3174 21.0631 -0.629693 0.749202 0.0639631 -0.0485992 0.657452
4.7 -11.4349 21.11 -0.696095 0.745514 0.0663305 -0.0461969 0.66157
4.73333 -11.5523 21.1547 -0.771403 0.739177 0.0689152 -0.0429709 0.668597
4.76666 -11.6696 21.1972 -0.854855 0.734158 0.0702493 -0.0414162 0.674064
4.8 -11.8052 21.2122 -0.941395 0.731856 0.070932 -0.0392704 0.676619
4.83333 -11.9546 21.2117 -1.01971 0.728926 0.068956 -0.0401429 0.679927
4.86666 -12.0838 21.2339 -1.11404 0.724118 0.0706822 -0.0384097 0.684968
4.9 -12.2068 21.2612 -1.21658 0.71973 0.0723443 -0.0357893 0.689546
4.93333 -12.3412 21.2756 -1.31172 0.714936 0.0738744 -0.0340356 0.694443
4.96666 -12.6333 21.1166 -1.27681 0.710591 0.0739779 -0.0401265 0.698554
5 -12.8679 21.074 -1.30863 0.707632 0.0774572 -0.0452247 0.700865
5.03333 -13.0245 21.0794 -1.39681 0.702754 0.0776249 -0.0436937 0.705835
5.06666 -13.1774 21.0897 -1.48764 0.69901 0.078857 -0.0414592 0.70954
5.1 -13.3185 21.1059 -1.58141 0.695561 0.0801722 -0.0416775 0.712762
5.13333 -13.4691 21.0759 -1.67664 0.692412 0.0830083 -0.0382305 0.715691
5.16666 -13.8628 20.912 -1.66702 0.686853 0.0877635 -0.044572 0.7201
5.2 -14.0572 20.8876 -1.73165 0.683014 0.0883054 -0.0437675 0.723725
5.23333 -14.1937 20.892 -1.81076 0.679708 0.0888759 -0.0416333 0.726888
5.26666 -14.3301 20.8941 -1.88252 0.675518 0.0883776 -0.0372441 0.73108
5.3 -14.4837 20.8888 -1.93864 0.671707 0.0906976 -0.0351153 0.734405
5.33333 -14.6424 20.8346 -1.98767 0.669407 0.0919344 -0.0343169 0.736386
5.36666 -14.7903 20.8171 -2.02489 0.663937 0.0924099 -0.0324896 0.741345
5.4 -14.9459 20.8031 -2.04683 0.659365 0.092663 -0.0315936 0.745421
5.43333 -15.0997 20.7945 -2.05981 0.656313 0.092382 -0.0282029 0.74828
5.46666 -15.2363 20.7811 -2.07268 0.651717 0.0896106 -0.0244527 0.752753
5.5 -15.3724 20.7657 -2.07472 0.649199 0.0873401 -0.0209389 0.755297
5.53333 -15.5074 20.7499 -2.06567 0.646755 0.0863059 -0.0168303 0.757612
5.56666 -15.6625 20.6651 -2.04636 0.643488 0.0875058 -0.0138434 0.760312
5.6 -15.8054 20.6235 -2.01266 0.640775 0.0866754 -0.0106211 0.762746
5.63333 -15.9483 20.5859 -1.96728 0.636176 0.0848291 -0.00978221 0.766804
5.66666 -16.1298 20.5219 -1.87899 0.633699 0.0840414 -0.00722724 0.768967
5.7 -16.3008 20.4548 -1.79768 0.628961 0.0831242 -0.00592223 0.772957
5.73333 -16.4411 20.4094 -1.72514 0.62526 0.0800423 -0.00354946 0.776293
5.76666 -16.5755 20.3714 -1.64589 0.620757 0.0762607 -0.000413513 0.780285
5.8 -16.7095 20.3299 -1.55923 0.615992 0.073657 0.00419255 0.78429
5.83333 -16.8429 20.2857 -1.46622 0.613574 0.0710531 0.00967974 0.786374
5.86666 -17.0098 20.2609 -1.3777 0.607845 0.0703989 0.0126852 0.790827
5.9 -17.1426 20.213 -1.27522 0.604137 0.0686642 0.0144482 0.793785
5.93333 -17.2979 20.1673 -1.18037 0.602284 0.067543 0.0179162 0.795217
5.96666 -17.4301 20.1153 -1.07292 0.598679 0.0658207 0.0195163 0.798042
6 -17.5908 20.0583 -0.979358 0.596796 0.0622381 0.023601 0.799627
6.03333 -17.7227 20.0027 -0.871115 0.593711 0.059673 0.0268646 0.802013
6.06666 -17.9017 19.9456 -0.787359 0.590219 0.056302 0.0323147 0.804628
6.1 -18.0398 19.8866 -0.685322 0.584219 0.0530744 0.0355769 0.809077
6.13333 -18.2111 19.8192 -0.601345 0.579858 0.0495356 0.0393151 0.81226
6.16666 -18.3438 19.7552 -0.506039 0.575285 0.0451102 0.0405411 0.815702
6.2 -18.4942 19.6798 -0.42187 0.571213 0.0415119 0.0420626 0.818672
6.23333 -18.6264 19.6112 -0.338745 0.567924 0.0370528 0.0479353 0.820848
6.26666 -18.7587 19.5423 -0.262904 0.562921 0.035744 0.0507778 0.824175
6.3 -18.8901 19.4701 -0.195084 0.559508 0.0347508 0.0520991 0.826456
6.33333 -19.0214 19.3967 -0.135996 0.554751 0.0334566 0.0527275 0.82967
6.36666 -19.1521 19.3207 -0.0864146 0.550693 0.0301849 0.0552422 0.83233
6.4 -19.3033 19.2491 -0.0575258 0.548544 0.0275323 0.0585976 0.833611
6.43333 -19.4343 19.1694 -0.0292305 0.544044 0.0248889 0.0613455 0.836441
6.46666 -19.5963 19.0872 -0.0207715 0.539716 0.0209408 0.0651389 0.839062
6.5 -19.7278 19.0034 -0.0146094 0.53569 0.0180986 0.0689156 0.841403
6.53333 -19.8585 18.9175 -0.0193616 0.530653 0.0172604 0.0689684 0.844602
6.56666 -19.9886 18.8296 -0.0351604 0.524925 0.0151043 0.0688673 0.848224
6.6 -20.1749 18.7361 -0.0751996 0.52262 0.00941578 0.0689808 0.849719
6.63333 -20.3196 18.6392 -0.114648 0.518877 0.00611269 0.0692561 0.852017
6.66666 -20.456 18.5398 -0.162777 0.513434 0.00260864 0.069964 0.855268
6.7 -20.5962 18.4333 -0.218936 0.508945 0.000903964 0.0704945 0.857907
6.73333 -20.7283 18.3351 -0.285204 0.504265 -0.00231721 0.0695846 0.860738
6.76666 -20.8596 18.2344 -0.359606 0.501519 -0.00655007 0.0699146 0.862292
6.79999 -21.0019 18.1285 -0.440756 0.49889 -0.00960717 0.0723877 0.863583
6.83333 -21.132 18.0233 -0.529104 0.493045 -0.013128 0.0715572 0.866956
6.86666 -21.2613 17.9163 -0.623073 0.491668 -0.0174268 0.0707159 0.867732
6.89999 -21.4252 17.7798 -0.711342 0.488776 -0.0189881 0.0709747 0.86931
6.93333 -21.5814 17.649 -0.806448 0.483494 -0.0200116 0.0707562 0.872254
6.96666 -21.7119 17.5363 -0.910112 0.479636 -0.0256062 0.069549 0.874332
6.99999 -21.8403 17.4201 -1.015 0.474004 -0.0302802 0.070399 0.877182
7.03333 -21.9681 17.3021 -1.12004 0.468329 -0.0343658 0.0702146 0.880089
7.06666 -22.0953 17.1826 -1.22396 0.463979 -0.0407262 0.068671 0.882241
7.09999 -22.2501 17.0496 -1.32537 0.458675 -0.0442652 0.0674404 0.884935
7.13333 -22.3877 16.9192 -1.43138 0.453952 -0.0477352 0.0690617 0.887062
7.16666 -22.5028 16.7841 -1.53624 0.448789 -0.0529268 0.069769 0.889336
7.19999 -22.6202 16.6468 -1.62452 0.443731 -0.0554395 0.068266 0.891834
7.23333 -22.7427 16.5152 -1.70742 0.43969 -0.058917 0.0673975 0.893677
7.26666 -22.8642 16.3819 -1.78291 0.436314 -0.0625294 0.0675592 0.895073
7.29999 -22.9743 16.2508 -1.85657 0.431144 -0.0679304 0.0663786 0.89727
7.33333 -23.0935 16.1139 -1.91516 0.427342 -0.0733188 0.0639124 0.898843
7.36666 -23.2122 15.9758 -1.96428 0.423348 -0.0752457 0.0617998 0.900719
7.39999 -23.327 15.8369 -2.0054 0.416808 -0.0771312 0.0601197 0.903719
7.43333 -23.3987 15.7025 -2.04541 0.413637 -0.0790504 0.0622991 0.904862
7.46666 -23.4798 15.5734 -2.07053 0.408578 -0.0830854 0.0617197 0.906836
7.49999 -23.5918 15.4299 -2.07792 0.404387 -0.0859207 0.0610597 0.908493
7.53333 -23.7034 15.2852 -2.07435 0.398752 -0.0849293 0.0601908 0.911132
7.56666 -23.814 15.1391 -2.05993 0.396366 -0.0901667 0.0579008 0.911818
7.59999 -23.924 14.9918 -2.03468 0.391037 -0.0911957 0.0570861 0.914065
7.63333 -24.0326 14.8426 -1.99904 0.388274 -0.0946244 0.054118 0.915074
7.66666 -24.1401 14.6916 -1.95337 0.384082 -0.0983706 0.0501529 0.916673
7.69999 -24.2466 14.5392 -1.8981 0.380061 -0.0996197 0.0505892 0.918189
7.73333 -24.3528 14.3859 -1.83393 0.376023 -0.101578 0.047785 0.919785
7.76666 -24.4582 14.2311 -1.76158 0.370539 -0.103782 0.0452573 0.921891
7.79999 -24.5376 14.0879 -1.69764 0.36448 -0.101537 0.0461876 0.924506
7.83333 -24.6297 13.9466 -1.61299 0.359993 -0.100806 0.0427213 0.926508
7.86666 -24.7303 13.7888 -1.52179 0.354201 -0.102124 0.0400546 0.928713
7.89999 -24.8299 13.6296 -1.42621 0.35369 -0.102687 0.0373946 0.928957
7.93333 -24.929 13.4693 -1.3272 0.34881 -0.105104 0.0360018 0.930585
7.96666 -25.0266 13.3067 -1.22585 0.344066 -0.104942 0.0340587 0.932441
7.99999 -25.1231 13.1426 -1.12328 0.338388 -0.104058 0.0317317 0.934697
8.03333 -25.2193 12.9777 -1.02069 0.334271 -0.103847 0.02655 0.936362
8.06666 -25.3138 12.8106 -0.91922 0.329 -0.105086 0.0238202 0.938162
8.09999 -25.4073 12.642 -0.819893 0.323702 -0.105552 0.0173032 0.940094
8.13333 -25.4996 12.472 -0.723946 0.318713 -0.106035 0.0151817 0.941779
8.16666 -25.5907 12.3006 -0.632487 0.315773 -0.104731 0.0123923 0.942956
8.2 -25.6809 12.1278 -0.546457 0.31141 -0.10479 0.00859439 0.944441
8.23333 -25.7697 11.9535 -0.466938 0.306834 -0.105535 0.00759083 0.945864
8.26666 -25.8573 11.7776 -0.394746 0.301953 -0.105022 0.00497221 0.947507
8.3 -25.9434 11.6002 -0.330671 0.298787 -0.105108 0.00272477 0.94851
8.33333 -26.0283 11.4213 -0.27545 0.293845 -0.10409 0.00100718 0.950168
8.36666 -26.1119 11.2411 -0.229622 0.287836 -0.102314 -0.00160741 0.952197
8.4 -26.1944 11.0594 -0.193748 0.282389 -0.10275 -0.00264459 0.953778
8.43333 -26.2968 10.8928 -0.163116 0.272653 -0.0987569 -0.0042082 0.957021
8.46667 -26.3745 10.708 -0.148357 0.268328 -0.0961328 -0.00707346 0.958493
8.5 -26.4517 10.5224 -0.14459 0.264762 -0.0927667 -0.0110074 0.959778
8.53333 -26.5275 10.3356 -0.151839 0.258724 -0.0921983 -0.0160788 0.961407
8.56667 -26.5847 10.1538 -0.164215 0.25326 -0.0920467 -0.0192007 0.962818
8.6 -26.6612 9.99827 -0.189337 0.249315 -0.0910402 -0.022439 0.963873
8.63334 -26.7183 9.83519 -0.228198 0.246115 -0.0921275 -0.0257365 0.964509
8.66667 -26.767 9.69062 -0.27593 0.241886 -0.0902783 -0.0279752 0.965691
8.7 -26.835 9.54651 -0.330318 0.237048 -0.0873121 -0.0276708 0.967171
8.73334 -26.8899 9.36453 -0.396374 0.23347 -0.083649 -0.0287059 0.968334
8.76667 -26.9406 9.24743 -0.466966 0.226555 -0.0835838 -0.0297462 0.969949
8.8 -27.0017 9.06026 -0.548713 0.221336 -0.0809103 -0.0314765 0.971325
8.83334 -27.0639 8.90847 -0.634916 0.215816 -0.07954 -0.0319785 0.972663
8.86667 -27.1219 8.72087 -0.728385 0.210996 -0.0774481 -0.0331091 0.973851
8.90001 -27.1787 8.53226 -0.826361 0.206616 -0.0750855 -0.0354824 0.974891
8.93334 -27.2338 8.3428 -0.927821 0.203141 -0.0740441 -0.0376987 0.975618
8.96667 -27.2888 8.15273 -1.03145 0.196865 -0.0706158 -0.0378591 0.977151
9.00001 -27.3415 7.96161 -1.13621 0.191237 -0.0665291 -0.0409028 0.978432
9.03334 -27.4166 7.7973 -1.24583 0.185861 -0.0620606 -0.0414406 0.979738
9.06667 -27.4588 7.62415 -1.35128 0.182611 -0.0614507 -0.0452063 0.980221
9.10001 -27.509 7.43265 -1.45259 0.179109 -0.059407 -0.0457379 0.980968
9.13334 -27.5601 7.24104 -1.55042 0.174895 -0.0575189 -0.0477978 0.981743
9.16668 -27.5876 7.10867 -1.64713 0.168782 -0.0540475 -0.0512398 0.982836
9.20001 -27.6331 6.91829 -1.73532 0.16327 -0.0489194 -0.054273 0.983872
9.23334 -27.6792 6.72834 -1.81737 0.158318 -0.0442422 -0.0565337 0.984775
9.26668 -27.7202 6.53964 -1.89268 0.1538 -0.0428714 -0.0585088 0.985436
9.30001 -27.7633 6.34686 -1.95902 0.150403 -0.0394549 -0.0607186 0.985969
9.33334 -27.8051 6.15262 -2.01652 0.144206 -0.0357548 -0.0631904 0.986881
9.36668 -27.8533 5.9585 -2.06461 0.140655 -0.0315379 -0.0624282 0.987585
9.40001 -27.8938 5.76213 -2.10277 0.135479 -0.0288699 -0.0626983 0.988373
9.43335 -27.9336 5.5647 -2.13063 0.131378 -0.0268514 -0.0651878 0.988822
9.46668 -27.9723 5.36626 -2.14769 0.125259 -0.0256057 -0.0648448 0.989672
9.50001 -28.0104 5.16691 -2.15392 0.121165 -0.0217864 -0.0654198 0.990235
9.53335 -28.0477 4.96642 -2.14933 0.116762 -0.0150018 -0.0692223 0.990631
9.56668 -28.0843 4.7648 -2.13375 0.110802 -0.0119981 -0.069899 0.991309
9.60001 -28.1204 4.56204 -2.10734 0.106142 -0.0089056 -0.0713413 0.991748
9.63335 -28.1555 4.35808 -2.07051 0.100497 -0.00654362 -0.0702871 0.99243
9.66668 -28.1898 4.15319 -2.02372 0.0956538 -0.00256885 -0.068989 0.993018
9.70002 -28.2234 3.94734 -1.96739 0.0895132 0.000360576 -0.0702877 0.993502
9.73335 -28.2563 3.7406 -1.90217 0.0849502 0.00501167 -0.0691699 0.993969
9.76668 -28.2885 3.53296 -1.82883 0.0809134 0.00712089 -0.0691984 0.994291
9.80002 -28.3215 3.32455 -1.74821 0.0758528 0.0110099 -0.068544 0.994699
9.83335 -28.3529 3.11546 -1.66124 0.0726667 0.0133755 -0.0665561 0.995043
9.86668 -28.3833 2.90569 -1.56894 0.0667139 0.0160796 -0.0654429 0.995494
9.90002 -28.4126 2.69524 -1.47229 0.0622092 0.0181844 -0.0643712 0.995819
9.93335 -28.4418 2.4844 -1.37233 0.0573009 0.0205319 -0.0639545 0.996095
9.96669 -28.4678 2.27254 -1.27004 0.0527553 0.023308 -0.0638849 0.996289
10 -28.4926 2.06029 -1.16669 0.0494076 0.0243592 -0.0641658 0.996418
10.0334 -28.5307 1.84701 -1.07071 0.046433 0.0259051 -0.0588036 0.996853
10.0667 -28.5532 1.63462 -0.96872 0.0408747 0.0264121 -0.0588024 0.997083
10.1 -28.5744 1.42189 -0.868965 0.0371683 0.0289129 -0.055735 0.997335
10.1334 -28.5967 1.20847 -0.772333 0.0345735 0.0299707 -0.0549307 0.997441
10.1667 -28.6151 0.995141 -0.680294 0.0294449 0.0326266 -0.0506384 0.99775
10.2 -28.6322 0.781639 -0.593727 0.0262072 0.0347252 -0.0497054 0.997816
10.2334 -28.6478 0.567263 -0.513248 0.019289 0.0375503 -0.0498721 0.997863
10.2667 -28.6636 0.353861 -0.440425 0.0142254 0.0408374 -0.0476946 0.997925
10.3 -28.6756 0.140188 -0.375713 0.00790045 0.0443072 -0.0447403 0.997984
10.3334 -28.686 -0.0741488 -0.319569 0.0014231 0.0451109 -0.0439366 0.998014
10.3667 -28.6947 -0.287655 -0.273047 -0.00402185 0.0493172 -0.0428702 0.997855
10.4 -28.7021 -0.500902 -0.236297 -0.00840293 0.0527992 -0.0389875 0.997808
10.4334 -28.7074 -0.714749 -0.209785 -0.0127673 0.0535895 -0.0349537 0.997869
10.4667 -28.711 -0.927856 -0.193997 -0.0176713 0.053951 -0.0306625 0.997916
10.5 -28.7125 -1.1408 -0.189161 -0.0245666 0.0547223 -0.0281113 0.997803
10.5334 -28.7257 -1.35579 -0.217671 -0.0271707 0.0616138 -0.0230834 0.997463
10.5667 -28.7899 -1.73712 -0.307579 -0.0320283 0.0653284 -0.0229585 0.997085
10.6 -28.8049 -2.03195 -0.354652 -0.037526 0.0684112 -0.0239759 0.996663
10.6334 -28.8056 -2.25328 -0.396069 -0.0418206 0.0684667 -0.0220712 0.996532
10.6667 -28.8027 -2.47389 -0.447332 -0.0465836 0.0687858 -0.0208886 0.996324
10.7 -28.7988 -2.69425 -0.508035 -0.050786 0.0692811 -0.0191924 0.996119
10.7334 -28.7953 -2.91491 -0.577634 -0.0544765 0.0696137 -0.0177243 0.995928
10.7667 -28.7877 -3.13499 -0.655111 -0.0607805 0.0700066 -0.015733 0.995569
10.8 -28.7786 -3.35487 -0.739929 -0.0654267 0.0718867 -0.0133508 0.995175
10.8334 -28.768 -3.575 -0.831436 -0.0692575 0.0723653 -0.00832424 0.994936
10.8667 -28.756 -3.79409 -0.928066 -0.0729253 0.0739508 -0.00706756 0.994567
10.9 -28.7425 -4.01294 -1.02888 -0.0788363 0.0757289 -0.00391006 0.993999
10.9334 -28.7277 -4.23214 -1.13316 -0.0852791 0.0754341 -0.000616126 0.993497
10.9667 -28.6949 -4.47803 -1.24562 -0.0892384 0.0769989 0.000732366 0.993029
11 -28.6769 -4.69708 -1.35317 -0.0953668 0.0749716 0.00318326 0.99261
11.0334 -28.6486 -4.93358 -1.45982 -0.100778 0.0731988 0.0029962 0.992208
11.0667 -28.6278 -5.15288 -1.56632 -0.107071 0.0753905 0.00553906 0.991373
11.1 -28.6125 -5.3911 -1.6726 -0.109538 0.0753448 0.00728197 0.991096
11.1334 -28.5784 -5.6036 -1.77234 -0.115192 0.0720094 0.0106893 0.990672
11.1667 -28.5547 -5.80633 -1.86887 -0.119738 0.0726606 0.011973 0.990071
11.2 -28.53 -6.02422 -1.95975 -0.125841 0.0710169 0.0123873 0.989428
11.2334 -28.4939 -6.20349 -2.04168 -0.12842 0.0715635 0.0167532 0.988993
11.2667 -28.4665 -6.41899 -2.1187 -0.135121 0.0712347 0.020607 0.98805
11.3 -28.4376 -6.63423 -2.18762 -0.142727 0.0668689 0.0226026 0.987242
11.3334 -28.3956 -6.81774 -2.24519 -0.147503 0.0642595 0.0261322 0.986626
11.3667 -28.3655 -7.03071 -2.29563 -0.154473 0.0615131 0.0277575 0.985689
11.4 -28.3348 -7.24322 -2.3361 -0.159575 0.057654 0.0273527 0.985121
11.4334 -28.3035 -7.45604 -2.36625 -0.162906 0.0560949 0.0285566 0.984632
11.4667 -28.2718 -7.66794 -2.38588 -0.16684 0.054788 0.0306975 0.983982
11.5 -28.2396 -7.87931 -2.39472 -0.170338 0.0508227 0.0330302 0.98352
11.5334 -28.2071 -8.09085 -2.39268 -0.175491 0.0478079 0.0330212 0.982765
11.5667 -28.1743 -8.3013 -2.37985 -0.179981 0.045123 0.0340257 0.982045
11.6 -28.141 -8.51147 -2.35647 -0.183543 0.0421447 0.0355407 0.981465
11.6334 -28.1074 -8.72198 -2.32257 -0.18918 0.0389105 0.0360829 0.980507
11.6667 -28.0734 -8.93155 -2.27871 -0.195031 0.0338458 0.0379513 0.979478
11.7 -28.0393 -9.14091 -2.22519 -0.198616 0.0322047 0.0378282 0.978817
11.7334 -28.0046 -9.35067 -2.16258 -0.203388 0.0305567 0.0393938 0.977828
11.7667 -27.9711 -9.55979 -2.09222 -0.208143 0.0283099 0.0400537 0.976868
11.8 -27.9358 -9.76792 -2.01432 -0.212538 0.0263106 0.040686 0.975951
11.8334 -27.8999 -9.97623 -1.92976 -0.218234 0.0253718 0.0408769 0.97471
11.8667 -27.8636 -10.1833 -1.84007 -0.220187 0.0228617 0.0412495 0.974317
11.9 -27.8267 -10.3899 -1.74569 -0.225472 0.0215605 0.0431296 0.973056
11.9334 -27.7888 -10.5967 -1.6477 -0.229001 0.0178209 0.0439942 0.972268
11.9667 -27.7502 -10.8022 -1.54778 -0.234402 0.0129048 0.0430595 0.9711
12 -27.711 -11.0074 -1.44691 -0.238527 0.00927344 0.0434773 0.970118
12.0334 -27.6703 -11.2122 -1.34548 -0.243022 0.00683545 0.0409038 0.969134
12.0667 -27.5878 -11.4113 -1.26174 -0.246572 0.00771583 0.0452572 0.968036
12.1 -27.5345 -11.6096 -1.16477 -0.252159 0.00681645 0.047871 0.966477
12.1334 -27.4878 -11.8101 -1.07086 -0.256027 0.00164983 0.0478432 0.965484
12.1667 -27.44 -12.0088 -0.981833 -0.261486 -0.000842054 0.0456141 0.964128
12.2 -27.3769 -12.2023 -0.89804 -0.267531 -0.00289794 0.0459517 0.962449
12.2334 -27.3218 -12.3981 -0.820203 -0.271602 -0.00893564 0.0466208 0.961238
12.2667 -27.2439 -12.5546 -0.740633 -0.277308 -0.0140106 0.048419 0.959458
12.3001 -27.1882 -12.7474 -0.677854 -0.283957 -0.0161531 0.0476381 0.957517
12.3334 -27.1307 -12.8816 -0.61906 -0.287823 -0.0179058 0.0480705 0.956309
12.3667 -27.0768 -13.0443 -0.573381 -0.292402 -0.022024 0.0460752 0.954931
12.4001 -27.0197 -13.2073 -0.537356 -0.295135 -0.0243848 0.0471676 0.953979
12.4334 -26.9563 -13.3886 -0.512578 -0.299186 -0.0288077 0.0471376 0.952594
12.4667 -26.8938 -13.5692 -0.498391 -0.303078 -0.0300768 0.0474691 0.951307
12.5001 -26.8296 -13.7491 -0.49501 -0.310622 -0.0312723 0.0446717 0.948968
12.5334 -26.7632 -13.9267 -0.502589 -0.313982 -0.032484 0.0452585 0.947793
12.5667 -26.696 -14.1032 -0.521071 -0.317957 -0.0348153 0.0412125 0.946569
12.6001 -26.6268 -14.2786 -0.550381 -0.323588 -0.0387971 0.0386179 0.944613
12.6334 -26.5345 -14.4373 -0.584943 -0.329924 -0.0431773 0.0373039 0.942281
12.6667 -26.4619 -14.6088 -0.634396 -0.333052 -0.0459546 0.035276 0.941127
12.7001 -26.3753 -14.7661 -0.690099 -0.340136 -0.0496927 0.0322202 0.938509
12.7334 -26.3016 -14.9137 -0.75689 -0.346641 -0.0528937 0.0322922 0.935949
12.7667 -26.2246 -15.0793 -0.832743 -0.351771 -0.0532628 0.0314021 0.934042
12.8001 -26.146 -15.2437 -0.916224 -0.355128 -0.056033 0.0318326 0.932594
12.8334 -26.0663 -15.4061 -1.00584 -0.360141 -0.0598458 0.0308395 0.930465
12.8667 -25.9837 -15.5663 -1.1008 -0.364696 -0.0642534 0.0300637 0.92842
12.9001 -25.9013 -15.7263 -1.20062 -0.369282 -0.0666909 0.0274313 0.926515
12.9334 -25.818 -15.8843 -1.30356 -0.370839 -0.0702713 0.0278094 0.925617
12.9667 -25.7335 -16.0408 -1.40879 -0.375885 -0.073388 0.0235718 0.923455
13.0001 -25.6476 -16.1961 -1.5155 -0.381731 -0.0759952 0.0223531 0.920873
13.0334 -25.5611 -16.3495 -1.62172 -0.384755 -0.0798157 0.0216932 0.919305
13.0667 -25.4735 -16.5012 -1.72641 -0.388837 -0.0837323 0.017705 0.917323
13.1001 -25.3851 -16.6522 -1.82905 -0.393718 -0.0842847 0.0174076 0.915193
13.1334 -25.2626 -16.7857 -1.91988 -0.398095 -0.0899524 0.0133733 0.912825
13.1667 -25.1502 -16.9082 -2.0066 -0.403752 -0.0909454 0.011028 0.91027
13.2001 -25.0576 -17.0527 -2.09533 -0.407764 -0.0933913 0.0101983 0.908242
13.2334 -24.9653 -17.1966 -2.17722 -0.410909 -0.0946581 0.00644061 0.906726
13.2667 -24.8725 -17.3393 -2.25186 -0.414923 -0.0961001 0.00513532 0.904753
13.3001 -24.779 -17.4809 -2.31851 -0.419039 -0.0971608 0.00514625 0.90274
13.3334 -24.686 -17.6208 -2.37607 -0.424218 -0.0966059 0.0027481 0.900388
13.3667 -24.5945 -17.7599 -2.4243 -0.427928 -0.098725 0.00130747 0.898404
13.4001 -24.4997 -17.897 -2.46277 -0.432693 -0.0997613 -0.000595446 0.896005
13.4334 -24.4046 -18.032 -2.49077 -0.435425 -0.10138 -0.0015987 0.894497
13.4667 -24.3091 -18.1654 -2.5081 -0.439955 -0.102826 -0.00549884 0.892096
13.5001 -24.2128 -18.2977 -2.51445 -0.444857 -0.104308 -0.00492275 0.889493
13.5334 -24.1163 -18.4281 -2.50978 -0.44988 -0.105055 -0.00680956 0.886862
13.5667 -24.0189 -18.5564 -2.49426 -0.454547 -0.106754 -0.00888438 0.884258
13.6001 -23.9213 -18.6836 -2.4679 -0.45821 -0.109102 -0.0107237 0.882057
13.6334 -23.8237 -18.8087 -2.43117 -0.463566 -0.110017 -0.0143027 0.879089
13.6667 -23.7259 -18.932 -2.38438 -0.46884 -0.109543 -0.0162025 0.876315
13.7001 -23.6275 -19.0536 -2.32788 -0.472287 -0.109315 -0.0179099 0.874457
13.7334 -23.5291 -19.173 -2.26264 -0.476231 -0.110621 -0.0208176 0.872086
13.7667 -23.4304 -19.2906 -2.18931 -0.480771 -0.11037 -0.025483 0.869499
13.8001 -23.3311 -19.4066 -2.10841 -0.484652 -0.111205 -0.0291046 0.867121
13.8334 -23.2318 -19.5204 -2.02143 -0.491837 -0.111125 -0.0300181 0.863045
13.8667 -23.1323 -19.6326 -1.92903 -0.49622 -0.112791 -0.0331131 0.860202
13.9001 -22.9309 -19.67 -1.80825 -0.496295 -0.114512 -0.0351203 0.859851
13.9334 -22.8289 -19.7782 -1.70714 -0.499539 -0.114823 -0.0358615 0.857899
13.9667 -22.6134 -19.8576 -1.58234 0.504617 0.11478 0.0370257 -0.854878
14.0001 -22.5076 -19.9631 -1.47659 0.508967 0.116058 0.0377141 -0.852092
14.0334 -22.2921 -20.0365 -1.36069 0.513951 0.113112 0.0407032 -0.849354
14.0667 -22.1798 -20.1363 -1.25585 0.518326 0.111973 0.0418094 -0.84679
14.1001 -21.9731 -20.2094 -1.14825 0.522933 0.110433 0.0441406 -0.844036
14.1334 -21.8552 -20.3048 -1.04932 0.530464 0.111875 0.0458333 -0.839042
14.1667 -21.7368 -20.3983 -0.954753 0.535144 0.111206 0.0485961 -0.835998
14.2001 -21.577 -20.4747 -0.861173 0.5396 0.111388 0.05148 -0.832931
14.2334 -21.4574 -20.5635 -0.777759 0.541902 0.110931 0.0520361 -0.831462
14.2667 -21.3369 -20.6499 -0.701477 0.548058 0.110005 0.0512586 -0.827589
14.3001 -21.2176 -20.7385 -0.632704 0.554514 0.108016 0.050098 -0.823612
14.3334 -21.06 -20.8029 -0.5721 0.559717 0.105599 0.0511523 -0.820335
14.3667 -20.9366 -20.8825 -0.521796 0.564925 0.104033 0.0532661 -0.816823
14.4001 -20.8121 -20.96 -0.48122 0.568531 0.100827 0.0536883 -0.814692
14.4334 -20.687 -21.0346 -0.451167 0.570487 0.0961063 0.0547056 -0.813828
14.4667 -20.561 -21.1069 -0.431798 0.575598 0.0933925 0.0558715 -0.810458
14.5001 -20.3709 -21.1765 -0.422709 0.581238 0.0907112 0.0590434 -0.806504
14.5334 -20.2418 -21.2453 -0.425273 0.585789 0.0892555 0.0602692 -0.803276
14.5667 -20.1115 -21.3114 -0.438616 0.589252 0.0872807 0.0615228 -0.800861
14.6001 -19.9801 -21.3748 -0.462313 0.593064 0.0836633 0.0596838 -0.798569
14.6334 -19.8483 -21.4357 -0.496323 0.598238 0.0794357 0.0585861 -0.795216
14.6667 -19.6769 -21.4674 -0.535309 0.602198 0.0777241 0.0593366 -0.792336
14.7001 -19.5426 -21.5234 -0.588798 0.607304 0.0755019 0.059407 -0.788639
14.7334 -19.4082 -21.5768 -0.650835 0.611649 0.0729924 0.0592293 -0.785525
14.7668 -19.2244 -21.6125 -0.718299 0.616676 0.0695955 0.0613716 -0.781729
14.8001 -19.0875 -21.6608 -0.795473 0.622277 0.0675494 0.0624682 -0.777371
14.8334 -18.9502 -21.7067 -0.879026 0.625203 0.064228 0.0608053 -0.775435
14.8668 -18.812 -21.75 -0.968353 0.629376 0.0626138 0.0619513 -0.772093
14.9001 -18.6555 -21.7658 -1.05947 0.634014 0.0611661 0.0625491 -0.768357
14.9334 -18.517 -21.8045 -1.15636 0.638849 0.060308 0.0645098 -0.764247
14.9668 -18.3566 -21.819 -1.25509 0.63996 0.0580557 0.0629716 -0.76362
15.0001 -18.2194 -21.8565 -1.35536 0.64342 0.0547196 0.0630913 -0.760944
15.0334 -18.0966 -21.8543 -1.45707 0.64695 0.0507462 0.062659 -0.758257
15.0668 -17.9577 -21.8827 -1.55648 0.651978 0.0466823 0.0649156 -0.75401
15.1001 -17.8189 -21.908 -1.65329 0.656439 0.043747 0.0660192 -0.75021
15.1334 -17.6808 -21.9324 -1.74662 0.658667 0.0400642 0.0636823 -0.748664
15.1668 -17.5421 -21.954 -1.83563 0.66262 0.0372325 0.0617028 -0.745481
15.2001 -17.4045 -21.9747 -1.91883 0.66526 0.0352095 0.0591771 -0.743429
15.2334 -17.2709 -21.9627 -1.99532 0.668874 0.0329302 0.0593609 -0.74027
15.2668 -17.134 -21.9781 -2.06505 0.673816 0.0321815 0.0594923 -0.735797
15.3001 -16.9981 -21.9919 -2.12644 0.676976 0.0299456 0.0580228 -0.733103
15.3334 -16.8627 -22.0043 -2.17899 0.680431 0.027197 0.0584604 -0.72997
15.3668 -16.7275 -22.0152 -2.22206 0.683655 0.0239263 0.0573818 -0.727152
15.4001 -16.593 -22.0222 -2.2551 0.68808 0.0216798 0.0554055 -0.723191
15.4334 -16.4598 -22.0301 -2.2777 0.692037 0.0172045 0.0540554 -0.719629
15.4668 -16.327 -22.0365 -2.28975 0.696378 0.0144074 0.050982 -0.715718
15.5001 -16.195 -22.0392 -2.29108 0.699593 0.0114533 0.0480778 -0.71283
15.5334 -16.0643 -22.0423 -2.28136 0.702799 0.0076379 0.0453967 -0.709897
15.5668 -15.9342 -22.0437 -2.26056 0.706366 0.00548778 0.04354 -0.706486
15.6001 -15.8052 -22.0436 -2.22904 0.708323 0.00354896 0.0409052 -0.704694
15.6334 -15.6772 -22.042 -2.18707 0.712134 -0.0014264 0.037788 -0.701025
15.6668 -15.5495 -22.0389 -2.13486 0.716166 -0.00548467 0.0360052 -0.696979
15.7001 -15.4229 -22.0342 -2.07314 0.718548 -0.00789378 0.0332834 -0.694635
15.7334 -15.297 -22.0278 -2.00245 0.722278 -0.0116301 0.028936 -0.6909
15.7668 -15.1715 -22.0198 -1.9233 0.727615 -0.0129546 0.0270711 -0.685329
15.8001 -15.0471 -22.0101 -1.83714 0.729394 -0.0160503 0.0257692 -0.68342
15.8334 -14.9234 -21.9987 -1.74451 0.733292 -0.0160282 0.0202637 -0.679422
15.8668 -14.8 -21.9856 -1.64614 0.734727 -0.0155897 0.0165248 -0.677983
15.9001 -14.6854 -21.9623 -1.55413 0.738361 -0.0187522 0.0129747 -0.67402
15.9334 -14.5718 -21.9245 -1.44984 0.741235 -0.0207001 0.00869508 -0.67087
15.9668 -14.4804 -21.8724 -1.34157 0.743338 -0.0228208 0.00361129 -0.668517
16.0001 -14.4003 -21.8318 -1.23284 0.746533 -0.0262712 0.000685627 -0.664829
16.0334 -14.3196 -21.795 -1.1247 0.750431 -0.0273271 -0.00382225 -0.660373
16.0668 -14.2823 -21.7481 -1.01716 0.752896 -0.0288091 -0.00597164 -0.657482
16.1001 -14.1722 -21.7167 -0.912057 0.755774 -0.0319382 -0.00832503 -0.654
16.1334 -14.0626 -21.6819 -0.81041 0.759144 -0.0339979 -0.0123151 -0.649917
16.1668 -13.9531 -21.6449 -0.712868 0.762219 -0.0348628 -0.0152879 -0.646199
16.2001 -13.8444 -21.607 -0.621135 0.765003 -0.0357885 -0.019787 -0.642727
16.2334 -13.735 -21.5436 -0.534673 0.76859 -0.0385589 -0.0193967 -0.638284
16.2668 -13.6265 -21.501 -0.456434 0.771704 -0.0406514 -0.0213583 -0.634322
16.3001 -13.5189 -21.4556 -0.386503 0.773307 -0.0428083 -0.0258385 -0.632057
16.3334 -13.4027 -21.3972 -0.325141 0.776427 -0.0450724 -0.0296854 -0.627892
16.3668 -13.2518 -21.3324 -0.27786 0.779994 -0.0463155 -0.0338768 -0.623151
16.4001 -13.1435 -21.2789 -0.236499 0.783471 -0.0465806 -0.0403568 -0.618364
16.4334 -13.0356 -21.2227 -0.205375 0.786419 -0.0461281 -0.0445168 -0.614358
16.4668 -12.9276 -21.1643 -0.185115 0.788652 -0.0469715 -0.04803 -0.611159
16.5001 -12.8202 -21.1035 -0.175867 0.792307 -0.0486204 -0.0521821 -0.60594
16.5334 -12.6504 -21.0327 -0.176042 0.795631 -0.0485541 -0.0534848 -0.601459
16.5668 -12.5417 -20.9677 -0.18867 0.797719 -0.0493519 -0.0588768 -0.598116
16.6001 -12.4338 -20.9014 -0.211367 0.800066 -0.0505854 -0.0615153 -0.594601
16.6334 -12.3265 -20.8318 -0.245164 0.803733 -0.0501176 -0.0666348 -0.589118
16.6668 -12.2213 -20.7573 -0.285191 0.805068 -0.0488396 -0.0698311 -0.58703
16.7001 -12.115 -20.6831 -0.338605 0.807147 -0.0479187 -0.0730548 -0.583849
16.7334 -12.0093 -20.6067 -0.40099 0.809423 -0.0468455 -0.0758561 -0.580418
16.7668 -11.9038 -20.528 -0.471721 0.811808 -0.0472501 -0.0788805 -0.576639
16.8001 -11.7736 -20.4482 -0.546798 0.814529 -0.0496519 -0.0799538 -0.572438
16.8334 -11.669 -20.3656 -0.631163 0.817309 -0.0480804 -0.0825267 -0.568229
16.8668 -11.565 -20.2804 -0.721371 0.820797 -0.047989 -0.0857362 -0.562706
16.9001 -11.4625 -20.1929 -0.815883 0.823981 -0.0457873 -0.0863025 -0.558132
16.9334 -11.3608 -20.1036 -0.913791 0.825989 -0.0469931 -0.0921861 -0.554108
16.9668 -11.26 -20.012 -1.01439 0.828291 -0.0465557 -0.0967685 -0.549912
17.0001 -11.1606 -19.9187 -1.11605 0.830226 -0.0476378 -0.0999591 -0.546318
17.0334 -11.0625 -19.8232 -1.2178 0.833977 -0.0480228 -0.101544 -0.540245
17.0667 -10.9658 -19.7256 -1.31847 0.838894 -0.0463295 -0.104325 -0.53219
17.1001 -10.8703 -19.6255 -1.41725 0.842621 -0.0425812 -0.10756 -0.525935
17.1334 -10.7766 -19.5236 -1.51255 0.845484 -0.0402527 -0.106803 -0.52166
17.1667 -10.6848 -19.4199 -1.60359 0.848563 -0.03974 -0.107436 -0.516546
17.2001 -10.5938 -19.3145 -1.68957 0.851981 -0.0381182 -0.110128 -0.510439
17.2334 -10.5056 -19.2068 -1.76922 0.855161 -0.0380337 -0.112407 -0.504596
17.2667 -10.4195 -19.0969 -1.84176 0.856259 -0.0370486 -0.116786 -0.501806
17.3001 -10.3352 -18.9845 -1.90653 0.858095 -0.0341784 -0.11852 -0.498456
17.3334 -10.2534 -18.8703 -1.96236 0.860528 -0.033275 -0.118753 -0.494249
17.3667 -10.1738 -18.754 -2.00886 0.863599 -0.035979 -0.117844 -0.488891
17.4001 -10.096 -18.635 -2.04558 0.866255 -0.0351228 -0.119413 -0.483849
17.4334 -10.0206 -18.5142 -2.07198 0.869927 -0.0329351 -0.121272 -0.476901
17.4667 -9.9474 -18.3912 -2.08801 0.873508 -0.0307441 -0.120935 -0.470546
17.5001 -9.87631 -18.2656 -2.09339 0.874279 -0.0289172 -0.121615 -0.469053
17.5334 -9.80699 -18.1387 -2.08789 0.877354 -0.0273431 -0.118678 -0.464132
17.5667 -9.74027 -18.0088 -2.07187 0.879573 -0.0236133 -0.119143 -0.459998
17.6001 -9.67551 -17.8763 -2.0453 0.882581 -0.02133 -0.117993 -0.454613
17.6334 -9.61322 -17.7421 -2.00872 0.884792 -0.020039 -0.11495 -0.451141
17.6667 -9.55297 -17.6059 -1.96246 0.887846 -0.0197195 -0.114388 -0.445259
17.7001 -9.49464 -17.467 -1.90689 0.890834 -0.0151023 -0.115284 -0.4392
17.7334 -9.43861 -17.3264 -1.84274 0.893583 -0.0145046 -0.114461 -0.433818
17.7667 -9.38461 -17.1838 -1.77063 0.896147 -0.010214 -0.114209 -0.428687
17.8001 -9.33247 -17.0387 -1.69102 0.898833 -0.00800051 -0.11204 -0.423654
17.8334 -9.23741 -16.9046 -1.58672 0.90174 -0.00270546 -0.10835 -0.418472
17.8667 -9.12987 -16.783 -1.48992 0.90496 -0.000252625 -0.107409 -0.411716
17.9001 -9.03427 -16.6522 -1.39083 0.907683 0.000315442 -0.1026 -0.406921
17.9334 -8.97995 -16.5047 -1.29026 0.910914 0.00308585 -0.101456 -0.399915
17.9667 -8.89328 -16.3616 -1.1813 0.913342 0.00435869 -0.100928 -0.394463
18.0001 -8.80244 -16.2217 -1.07545 0.91519 0.00664364 -0.0974986 -0.390995
18.0334 -8.75048 -16.0714 -0.972531 0.917223 0.00919625 -0.0954816 -0.386653
18.0667 -8.70218 -15.9182 -0.870865 0.919679 0.0109364 -0.0915091 -0.381703
18.1001 -8.65101 -15.7647 -0.77125 0.921503 0.0119672 -0.091656 -0.377212
18.1334 -8.60469 -15.6081 -0.675505 0.923586 0.0160538 -0.0879423 -0.372822
18.1667 -8.55326 -15.4527 -0.584021 0.925034 0.0194859 -0.0867913 -0.369324
18.2001 -8.40292 -15.3235 -0.491227 0.926941 0.0202848 -0.0833772 -0.365264
18.2334 -8.25862 -15.1912 -0.407678 0.928438 0.0245136 -0.0805861 -0.361812
18.2667 -8.21041 -15.031 -0.335442 0.930342 0.0246303 -0.0782781 -0.357393
18.3001 -8.08578 -14.888 -0.268456 0.931835 0.0248878 -0.078246 -0.353472
18.3334 -7.96522 -14.7319 -0.210165 0.934442 0.0279522 -0.0762718 -0.346727
18.3667 -7.89288 -14.5652 -0.163772 0.935671 0.0302882 -0.0747793 -0.343528
18.4001 -7.83927 -14.4006 -0.127804 0.937369 0.0321152 -0.0744721 -0.338766
18.4334 -7.79059 -14.2336 -0.102503 0.939066 0.0337883 -0.0702603 -0.334779
18.4667 -7.74305 -14.0652 -0.0879647 0.940406 0.0359095 -0.0676093 -0.331326
18.5001 -7.69205 -13.8966 -0.0843682 0.941947 0.0365207 -0.0654744 -0.327285
18.5334 -7.58516 -13.7373 -0.0917771 0.943085 0.0380002 -0.0647871 -0.32396
18.5667 -7.45839 -13.5519 -0.107178 0.94479 0.0379171 -0.0616648 -0.319582
18.6001 -7.35115 -13.3637 -0.133716 0.947238 0.0382974 -0.0565746 -0.313167
18.6334 -7.30134 -13.1874 -0.173455 0.949274 0.0380189 -0.049706 -0.308159
18.6667 -7.25317 -13.0098 -0.223443 0.951177 0.0385605 -0.0483957 -0.302379
18.7001 -7.20616 -12.8302 -0.2832 0.953189 0.0379846 -0.0446971 -0.296631
18.7334 -7.13244 -12.6506 -0.349693 0.955054 0.0389212 -0.0406766 -0.291038
18.7667 -7.0875 -12.4686 -0.426467 0.95643 0.0377063 -0.0389454 -0.286885
18.8001 -7.04434 -12.2848 -0.511024 0.958607 0.0387889 -0.0346388 -0.279944
18.8334 -7.00293 -12.1001 -0.601761 0.960246 0.0397496 -0.0310333 -0.274564
18.8667 -6.96324 -11.9139 -0.69795 0.961114 0.0408797 -0.0278358 -0.271687
18.9001 -6.85729 -11.7212 -0.793594 0.96308 0.0408654 -0.0234053 -0.265063
18.9334 -6.79818 -11.5191 -0.89672 0.964374 0.0419895 -0.0186138 -0.260526
18.9667 -6.74661 -11.3141 -1.00268 0.965867 0.0416668 -0.0150287 -0.255224
19.0001 -6.69759 -11.1061 -1.11053 0.967026 0.0394472 -0.0111749 -0.251358
19.0334 -6.66249 -10.9111 -1.21807 0.968299 0.0410393 -0.00519323 -0.246346
19.0667 -6.6174 -10.6999 -1.32445 0.969638 0.0403038 -0.00326331 -0.24118
19.1001 -6.5857 -10.5009 -1.42937 0.971002 0.0385239 -0.00133732 -0.235941
19.1334 -6.55608 -10.3009 -1.53078 0.972131 0.0365699 0.00159099 -0.231563
19.1667 -6.5279 -10.0991 -1.62792 0.972847 0.0342923 0.00675941 -0.228794
19.2001 -6.46971 -9.89431 -1.71661 0.973942 0.0326597 0.0128956 -0.224064
19.2334 -6.40695 -9.67969 -1.79892 0.97484 0.0323322 0.0186653 -0.219756
19.2667 -6.35049 -9.44593 -1.87605 0.975549 0.0340191 0.0204666 -0.216167
19.3 -6.28895 -9.23653 -1.94173 0.976626 0.0343343 0.0272719 -0.210427
19.3334 -6.24426 -9.02067 -2.00071 0.977918 0.0350638 0.0308738 -0.2037
19.3667 -6.19426 -8.79698 -2.05043 0.979084 0.0335274 0.0345233 -0.197684
19.4 -6.15851 -8.56818 -2.09122 0.980068 0.0320855 0.0366622 -0.192595
19.4334 -6.12218 -8.32332 -2.12283 0.980704 0.0305557 0.039379 -0.189037
19.4667 -6.10399 -8.103 -2.14337 0.981442 0.0288361 0.0431931 -0.184591
19.5 -6.08789 -7.88076 -2.153 0.982432 0.0283649 0.0461927 -0.178576
19.5334 -6.07375 -7.65604 -2.1518 0.982809 0.0284899 0.0500631 -0.175412
19.5667 -6.0614 -7.43039 -2.13968 0.983305 0.0272943 0.053928 -0.171635
19.6 -5.91731 -7.21625 -2.10703 0.98352 0.0265527 0.0579156 -0.169202
19.6334 -5.86332 -6.9832 -2.06994 0.984143 0.0248456 0.0614409 -0.164531
19.6667 -5.82555 -6.73753 -2.02548 0.984846 0.0244228 0.0652147 -0.158838
19.7 -5.81159 -6.50619 -1.97233 0.985311 0.0216352 0.0702666 -0.154131
19.7334 -5.80186 -6.27203 -1.91019 0.986242 0.0198518 0.0734441 -0.146763
19.7667 -5.79357 -6.03721 -1.84019 0.986872 0.0195656 0.0773146 -0.140442
19.8 -5.68797 -5.81035 -1.75808 0.987305 0.0169134 0.0810427 -0.135555
19.8334 -5.63477 -5.56606 -1.66949 0.987658 0.0165581 0.0839829 -0.131168
19.8667 -5.62786 -5.32747 -1.58005 0.988173 0.0150448 0.085946 -0.126101
19.9 -5.5368 -5.08811 -1.48127 0.988443 0.0115128 0.0877933 -0.123048
19.9334 -5.53109 -4.8467 -1.3834 0.988643 0.0103878 0.09054 -0.119498
19.9667 -5.46002 -4.61196 -1.27893 0.989246 0.00978947 0.0924826 -0.112886
