0.366667 -0.0765107 2.09024 0.809009 0.996985 0.0446884 0.0382955 0.0505717
0.4 -0.0931916 2.29834 0.846522 0.996627 0.0436841 0.0415745 0.0556667
0.433333 -0.111507 2.50619 0.873616 0.996236 0.0425982 0.0447975 0.0607669
0.466667 -0.131456 2.71377 0.889994 0.995813 0.0414325 0.0479603 0.0658728
0.5 -0.153035 2.92103 0.895477 0.995359 0.0401891 0.0510584 0.0709844
0.533333 -0.176242 3.12797 0.890004 0.994873 0.0388701 0.0540877 0.0761019
0.566667 -0.201075 3.33456 0.873635 0.994356 0.0374776 0.0570444 0.0812259
0.6 -0.22753 3.54078 0.84655 0.993808 0.036014 0.0599242 0.0863561
0.633333 -0.255605 3.74661 0.809047 0.99323 0.0344818 0.0627234 0.0914928
0.666667 -0.285298 3.95202 0.761533 0.992622 0.0328835 0.0654384 0.0966363
0.7 -0.316603 4.15699 0.704534 0.991984 0.0312218 0.0680653 0.101786
0.733334 -0.34952 4.3615 0.638669 0.991317 0.0294995 0.0706009 0.106943
0.766667 -0.384041 4.56552 0.564665 0.99062 0.0277195 0.0730417 0.112107
0.8 -0.420164 4.76904 0.483331 0.989896 0.0258848 0.0753844 0.117277
0.833334 -0.457886 4.97204 0.395554 0.989143 0.0239984 0.0776261 0.122453
0.866667 -0.497201 5.17447 0.302303 0.988362 0.0220635 0.0797637 0.127636
0.9 -0.538105 5.37634 0.204595 0.987554 0.0200833 0.0817945 0.132825
0.933334 -0.580595 5.57761 0.1035 0.98672 0.0180611 0.0837159 0.138021
0.966667 -0.624663 5.77826 0.000129855 0.985859 0.0160003 0.0855253 0.143222
1 -0.670305 5.97828 -0.104385 0.984971 0.0139043 0.0872203 0.148428
1.03333 -0.717513 6.17761 -0.20889 0.984059 0.0117768 0.0887988 0.153639
1.06667 -0.766299 6.37632 -0.312281 0.98312 0.00962047 0.0902592 0.158856
1.1 -0.816628 6.57426 -0.413363 0.982157 0.00744024 0.0915989 0.164076
1.13333 -0.868509 6.77148 -0.51106 0.98117 0.00523905 0.0928166 0.169301
1.16667 -0.921954 6.96801 -0.604329 0.980159 0.00301991 0.0939112 0.17453
1.2 -0.976922 7.16372 -0.692092 0.979124 0.000787826 0.0948805 0.17976
1.23333 -1.03342 7.35863 -0.773417 0.978066 -0.00145415 0.0957239 0.184993
1.26667 -1.09147 7.55278 -0.847433 0.976984 -0.00370297 0.0964404 0.19023
1.3 -1.15102 7.74605 -0.913285 0.975881 -0.00595354 0.097029 0.195466
1.33333 -1.21209 7.93846 -0.970275 0.974755 -0.00820279 0.0974891 0.200703
1.36667 -1.27468 8.13005 -1.01779 0.973607 -0.0104476 0.0978203 0.205941
1.4 -1.33876 8.32069 -1.05529 0.972438 -0.012683 0.0980222 0.211178
1.43333 -1.40433 8.51041 -1.08236 0.971247 -0.0149058 0.0980949 0.216413
1.46667 -1.4714 8.69924 -1.09873 0.970035 -0.0171131 0.0980382 0.221647
1.5 -1.53994 8.88706 -1.10419 0.968803 -0.0192997 0.0978526 0.226878
1.53333 -1.60994 9.07391 -1.09871 0.96755 -0.0214627 0.0975383 0.232105
1.56667 -1.68144 9.2598 -1.08232 0.966276 -0.023599 0.097096 0.237329
1.6 -1.75436 9.44462 -1.05522 0.964983 -0.0257039 0.0965265 0.242547
1.63333 -1.82874 9.6284 -1.0177 0.96367 -0.0277743 0.0958308 0.24776
1.66667 -1.90457 9.81118 -0.970158 0.962337 -0.0298074 0.0950097 0.252968
1.7 -1.98182 9.99281 -0.913144 0.960984 -0.0317985 0.094065 0.258167
1.73333 -2.06049 10.1734 -0.847268 0.959612 -0.0337448 0.0929978 0.263358
1.76667 -2.1406 10.3528 -0.773229 0.95822 -0.0356436 0.0918096 0.268542
1.8 -2.22209 10.5311 -0.691881 0.956809 -0.0374903 0.0905027 0.273715
1.83333 -2.30498 10.7082 -0.604094 0.955379 -0.0392825 0.0890787 0.278878
1.86667 -2.38928 10.8842 -0.510802 0.953929 -0.0410174 0.0875394 0.284032
1.9 -2.47493 11.0589 -0.413081 0.95246 -0.042691 0.0858879 0.289173
1.93333 -2.56196 11.2324 -0.311975 0.950971 -0.044301 0.0841261 0.294302
1.96667 -2.65037 11.4048 -0.20856 0.949463 -0.0458447 0.0822561 0.29942
2 -2.74011 11.5758 -0.104031 0.947936 -0.0473187 0.0802818 0.304522
2.03333 -2.8312 11.7456 0.000498036 0.946389 -0.0487207 0.0782054 0.309611
2.06667 -2.92364 11.9141 0.103914 0.944821 -0.0500484 0.0760292 0.314686
2.1 -3.01737 12.0812 0.205021 0.943235 -0.0512987 0.0737578 0.319745
2.13333 -3.11242 12.247 0.302743 0.941628 -0.0524696 0.0713937 0.324787
2.16667 -3.2088 12.4115 0.396037 0.94 -0.0535592 0.0689396 0.329815
2.2 -3.30644 12.5746 0.483826 0.938353 -0.0545647 0.0664005 0.334825
2.23333 -3.40536 12.7363 0.565177 0.936685 -0.0554845 0.0637792 0.339817
2.26667 -3.50558 12.8967 0.63922 0.934995 -0.056317 0.0610788 0.344793
2.3 -3.60704 13.0556 0.705099 0.933285 -0.0570599 0.0583047 0.349749
2.33333 -3.70974 13.2131 0.762117 0.931553 -0.057712 0.05546 0.354687
2.36667 -3.81371 13.3691 0.809662 0.929798 -0.0582718 0.0525479 0.359608
2.4 -3.91887 13.5236 0.847184 0.928023 -0.0587378 0.0495742 0.364508
2.43333 -4.02525 13.6767 0.87429 0.926224 -0.059109 0.0465424 0.369389
2.46667 -4.13286 13.8282 0.890684 0.924403 -0.0593843 0.0434557 0.374252
2.5 -4.24163 13.9783 0.896179 0.922559 -0.0595628 0.0403205 0.379094
2.53333 -4.35158 14.1267 0.890721 0.920691 -0.0596438 0.0371401 0.383915
2.56667 -4.46274 14.2737 0.874362 0.918799 -0.0596267 0.0339182 0.388719
2.6 -4.57501 14.419 0.847292 0.916884 -0.0595111 0.0306611 0.393501
2.63333 -4.68843 14.5628 0.809806 0.914943 -0.0592967 0.0273726 0.398263
2.66667 -4.80301 14.705 0.762297 0.912978 -0.0589832 0.0240561 0.403006
2.7 -4.91867 14.8455 0.705315 0.910987 -0.058571 0.0207185 0.407729
2.73333 -5.03544 14.9845 0.639472 0.908971 -0.0580601 0.0173633 0.412431
2.76667 -5.15333 15.1218 0.565465 0.906928 -0.0574507 0.0139942 0.417115
2.8 -5.27227 15.2574 0.48415 0.904859 -0.0567437 0.0106179 0.421778
2.83333 -5.39227 15.3913 0.396397 0.902764 -0.0559395 0.00723821 0.426422
2.86667 -5.51336 15.5235 0.303139 0.90064 -0.0550386 0.00385873 0.431048
2.9 -5.63545 15.654 0.205452 0.89849 -0.0540427 0.000486186 0.435654
2.93333 -5.75857 15.7828 0.104381 0.896312 -0.0529526 -0.00287577 0.440241
2.96667 -5.88273 15.9099 0.00100097 0.894105 -0.0517692 -0.00622348 0.444812
3 -6.00786 16.0352 -0.103493 0.89187 -0.0504946 -0.00955033 0.449363
3.03333 -6.13397 16.1588 -0.207986 0.889606 -0.0491302 -0.0128527 0.453896
3.06667 -6.26108 16.2806 -0.311366 0.887313 -0.0476771 -0.0161272 0.458414
3.1 -6.38912 16.4006 -0.412436 0.88499 -0.0461383 -0.0193672 0.462913
3.13333 -6.51809 16.5187 -0.510121 0.882638 -0.0445152 -0.0225694 0.467396
3.16667 -6.64803 16.6351 -0.603378 0.880255 -0.0428096 -0.0257303 0.471864
3.2 -6.77884 16.7496 -0.69113 0.877843 -0.0410249 -0.0288438 0.476315
3.23333 -6.91055 16.8623 -0.772443 0.875401 -0.0391628 -0.0319066 0.480751
3.26666 -7.04314 16.9732 -0.846427 0.872928 -0.0372261 -0.0349147 0.485173
3.3 -7.17664 17.0822 -0.912289 0.870423 -0.0352168 -0.0378647 0.489581
3.33333 -7.31095 17.1892 -0.969268 0.867889 -0.033139 -0.0407511 0.493974
3.36666 -7.4461 17.2944 -1.01676 0.865323 -0.030995 -0.0435709 0.498354
3.4 -7.58211 17.3978 -1.05426 0.862726 -0.0287873 -0.0463212 0.502722
3.43333 -7.7189 17.4991 -1.08132 0.860099 -0.0265202 -0.0489968 0.507076
3.46666 -7.85647 17.5986 -1.09768 0.85744 -0.0241966 -0.0515949 0.511419
3.5 -7.99487 17.6961 -1.10313 0.85475 -0.021819 -0.0541129 0.515751
3.53333 -8.13398 17.7917 -1.09764 0.852029 -0.0193923 -0.0565461 0.52007
3.56666 -8.27385 17.8853 -1.08124 0.849277 -0.0169195 -0.0588922 0.524379
3.6 -8.41448 17.977 -1.05413 0.846494 -0.0144033 -0.0611487 0.528678
3.63333 -8.5558 18.0667 -1.0166 0.843681 -0.011849 -0.0633116 0.532967
3.66666 -8.69781 18.1544 -0.969064 0.840837 -0.00925978 -0.0653788 0.537245
3.7 -8.84056 18.2401 -0.912025 0.837962 -0.00663857 -0.0673482 0.541516
3.73333 -8.98393 18.3238 -0.846139 0.835058 -0.00399092 -0.0692164 0.545776
3.76666 -9.12795 18.4054 -0.772114 0.832124 -0.00132 -0.0709817 0.550028
3.8 -9.27266 18.4851 -0.690733 0.829159 0.00137096 -0.0726424 0.554272
3.83333 -9.41795 18.5627 -0.602938 0.826165 0.00407629 -0.0741956 0.558507
3.86666 -9.56385 18.6383 -0.509665 0.823143 0.0067927 -0.07564 0.562733
3.9 -9.71038 18.7118 -0.411907 0.82009 0.00951688 -0.0769744 0.566953
3.93333 -9.85744 18.7833 -0.310793 0.817011 0.0122431 -0.0781965 0.571164
3.96666 -10.0051 18.8527 -0.207401 0.813903 0.0149679 -0.0793054 0.575368
4 -10.1533 18.9201 -0.102833 0.810767 0.017688 -0.0803002 0.579565
4.03333 -10.302 18.9853 0.00170344 0.807605 0.0203976 -0.0811795 0.583754
4.06666 -10.4512 19.0485 0.105095 0.804416 0.0230934 -0.0819427 0.587935
4.1 -10.6009 19.1096 0.20624 0.8012 0.025772 -0.0825893 0.592109
4.13333 -10.7511 19.1685 0.303969 0.797959 0.0284277 -0.0831185 0.596275
4.16666 -10.9018 19.2254 0.397244 0.794693 0.0310571 -0.0835302 0.600434
4.2 -11.0529 19.2802 0.485067 0.791402 0.0336571 -0.0838244 0.604586
4.23333 -11.2044 19.3328 0.566425 0.788087 0.0362218 -0.0840008 0.608729
4.26666 -11.3564 19.3833 0.640453 0.784749 0.0387483 -0.0840597 0.612863
4.3 -11.5087 19.4317 0.70636 0.781387 0.0412331 -0.0840016 0.616991
4.33333 -11.6615 19.4779 0.763385 0.778003 0.043671 -0.083827 0.621109
4.36666 -11.8145 19.522 0.810923 0.774598 0.0460589 -0.0835365 0.625218
4.4 -11.968 19.564 0.848465 0.77117 0.0483937 -0.0831308 0.62932
4.43333 -12.1218 19.6038 0.875576 0.767723 0.0506703 -0.0826113 0.633411
4.46666 -12.2758 19.6414 0.891973 0.764256 0.0528857 -0.081979 0.637491
4.5 -12.4302 19.6769 0.897477 0.760768 0.0550371 -0.081235 0.641563
4.53333 -12.5849 19.7102 0.892023 0.757263 0.0571198 -0.0803812 0.645623
4.56666 -12.7398 19.7414 0.875676 0.753739 0.059131 -0.0794191 0.649672
4.6 -12.895 19.7703 0.848605 0.750196 0.061068 -0.07835 0.653711
4.63333 -13.0504 19.7972 0.811123 0.746637 0.0629265 -0.0771766 0.657736
4.66666 -13.206 19.8218 0.763634 0.743062 0.064704 -0.0759006 0.661749
4.7 -13.3618 19.8442 0.706641 0.739469 0.0663981 -0.0745238 0.66575
4.73333 -13.5178 19.8645 0.640802 0.735862 0.0680049 -0.0730494 0.669736
4.76666 -13.6739 19.8826 0.566822 0.73224 0.0695223 -0.0714795 0.673707
4.8 -13.8302 19.8985 0.485488 0.728603 0.070948 -0.0698161 0.677665
4.83333 -13.9866 19.9122 0.397738 0.724952 0.0722787 -0.0680631 0.681607
4.86666 -14.1431 19.9237 0.304512 0.721288 0.0735125 -0.0662228 0.685532
4.9 -14.2998 19.9331 0.206801 0.717609 0.0746476 -0.0642975 0.689442
4.93333 -14.4564 19.9402 0.105733 0.713919 0.0756812 -0.0622917 0.693334
4.96666 -14.6132 19.9452 0.00238774 0.710216 0.0766118 -0.0602078 0.697208
5 -14.77 19.9479 -0.102134 0.7065 0.0774377 -0.0580486 0.701064
5.03333 -14.9268 19.9485 -0.206625 0.702774 0.0781569 -0.0558187 0.704901
5.06666 -15.0835 19.9469 -0.309971 0.699036 0.0787681 -0.0535211 0.708717
5.1 -15.2404 19.9431 -0.41107 0.695286 0.0792701 -0.0511586 0.712514
5.13333 -15.3971 19.937 -0.508754 0.691526 0.0796614 -0.0487363 0.71629
5.16666 -15.5538 19.9288 -0.601982 0.687755 0.0799411 -0.0462573 0.720043
5.2 -15.7105 19.9184 -0.68976 0.683973 0.0801085 -0.0437247 0.723776
5.23333 -15.867 19.9059 -0.771072 0.680182 0.0801627 -0.0411438 0.727485
5.26666 -16.0235 19.8911 -0.845054 0.67638 0.0801032 -0.038518 0.73117
5.3 -16.1798 19.8741 -0.910915 0.672567 0.0799295 -0.0358504 0.734833
5.33333 -16.336 19.855 -0.967894 0.668745 0.0796415 -0.0331468 0.73847
5.36666 -16.492 19.8337 -1.01539 0.664913 0.0792391 -0.0304104 0.742083
5.4 -16.648 19.8101 -1.05288 0.66107 0.0787223 -0.0276446 0.745671
5.43333 -16.8036 19.7845 -1.07995 0.657218 0.0780916 -0.0248552 0.749232
5.46666 -16.9591 19.7566 -1.0963 0.653356 0.0773472 -0.0220457 0.752767
5.5 -17.1144 19.7266 -1.10176 0.649482 0.0764896 -0.0192195 0.756276
5.53333 -17.2694 19.6944 -1.09626 0.645599 0.0755199 -0.0163825 0.759757
5.56666 -17.4242 19.66 -1.07987 0.641705 0.0744389 -0.0135381 0.76321
5.6 -17.5787 19.6235 -1.05275 0.6378 0.0732473 -0.0106898 0.766637
5.63333 -17.7329 19.5848 -1.01522 0.633884 0.071947 -0.00784346 0.770034
5.66666 -17.8868 19.544 -0.967691 0.629958 0.0705391 -0.00500257 0.773403
5.7 -18.0404 19.501 -0.910653 0.626018 0.0690247 -0.00217048 0.776744
5.73333 -18.1936 19.4558 -0.844769 0.622068 0.0674064 0.000646887 0.780056
5.76666 -18.3465 19.4086 -0.770746 0.618106 0.0656857 0.00344623 0.783338
5.8 -18.499 19.3592 -0.689368 0.614131 0.0638641 0.00622423 0.786591
5.83333 -18.6511 19.3076 -0.601574 0.610144 0.0619448 0.00897514 0.789815
5.86666 -18.8028 19.254 -0.508304 0.606143 0.0599298 0.0116958 0.793008
5.9 -18.9541 19.1982 -0.410549 0.602128 0.0578207 0.0143829 0.796173
5.93333 -19.105 19.1403 -0.309438 0.5981 0.0556216 0.017031 0.799307
5.96666 -19.2553 19.0803 -0.206049 0.594058 0.0533346 0.0196371 0.802412
6 -19.4053 19.0182 -0.101484 0.59 0.0509618 0.0221982 0.805488
6.03333 -19.5547 18.9541 0.00305002 0.585927 0.0485078 0.024709 0.808533
6.06666 -19.7036 18.8878 0.106439 0.58184 0.045975 0.0271667 0.811549
6.1 -19.8521 18.8195 0.20758 0.577734 0.043366 0.0295685 0.814536
6.13333 -19.9999 18.7491 0.305306 0.573614 0.0406857 0.0319096 0.817492
6.16666 -20.1472 18.6766 0.398576 0.569476 0.0379369 0.0341874 0.82042
6.2 -20.294 18.6021 0.486395 0.56532 0.0351225 0.0363994 0.823319
6.23333 -20.4401 18.5255 0.567748 0.561148 0.0322478 0.0385411 0.826189
6.26666 -20.5857 18.4469 0.641771 0.556957 0.0293159 0.0406103 0.82903
6.3 -20.7307 18.3663 0.707673 0.552746 0.0263299 0.0426048 0.831843
6.33333 -20.875 18.2836 0.764692 0.548517 0.0232956 0.0445207 0.834628
6.36666 -21.0186 18.199 0.812225 0.544269 0.0202162 0.0463559 0.837385
6.4 -21.1616 18.1123 0.84976 0.54 0.0170949 0.0481086 0.840115
6.43333 -21.3039 18.0237 0.876866 0.535712 0.0139381 0.0497753 0.842817
6.46666 -21.4455 17.933 0.893257 0.531403 0.010749 0.0513546 0.845492
6.5 -21.5865 17.8404 0.898754 0.527073 0.00753114 0.0528448 0.848142
6.53333 -21.7267 17.7459 0.893294 0.522722 0.00429086 0.0542431 0.850765
6.56666 -21.8661 17.6493 0.876941 0.518351 0.0010317 0.0555484 0.853362
6.6 -22.0048 17.5509 0.849863 0.513956 -0.00224276 0.0567593 0.855934
6.63333 -22.1427 17.4505 0.812374 0.509541 -0.00552599 0.0578738 0.85848
6.66666 -22.2798 17.3482 0.764878 0.505104 -0.00881439 0.0588909 0.861002
6.7 -22.4162 17.2439 0.707878 0.500643 -0.0121043 0.0598099 0.8635
6.73333 -22.5517 17.1378 0.642031 0.496162 -0.0153891 0.0606293 0.865974
6.76666 -22.6863 17.0299 0.568044 0.491658 -0.0186653 0.0613486 0.868424
6.79999 -22.8201 16.92 0.486727 0.487132 -0.021928 0.0619671 0.870851
6.83333 -22.9531 16.8082 0.398943 0.482582 -0.0251738 0.0624845 0.873256
6.86666 -23.0852 16.6947 0.305708 0.478011 -0.0283961 0.0629003 0.875638
6.89999 -23.2164 16.5793 0.208018 0.473419 -0.0315911 0.0632143 0.877998
6.93333 -23.3467 16.462 0.106911 0.468802 -0.0347555 0.0634268 0.880337
6.96666 -23.4761 16.3429 0.00355631 0.464165 -0.0378827 0.0635377 0.882654
6.99999 -23.6045 16.2221 -0.100944 0.459506 -0.0409692 0.0635474 0.884951
7.03333 -23.732 16.0995 -0.205475 0.454824 -0.0440115 0.0634565 0.887227
7.06666 -23.8585 15.9751 -0.308831 0.450122 -0.0470034 0.0632654 0.889482
7.09999 -23.984 15.8489 -0.40991 0.445399 -0.0499416 0.0629752 0.891717
7.13333 -24.1086 15.721 -0.507633 0.440654 -0.0528227 0.0625865 0.893933
7.16666 -24.2321 15.5914 -0.600871 0.43589 -0.0556408 0.0621006 0.896129
7.19999 -24.3546 15.46 -0.688633 0.431105 -0.0583927 0.0615188 0.898306
7.23333 -24.4761 15.3269 -0.769981 0.4263 -0.0610753 0.060842 0.900464
7.26666 -24.5965 15.1922 -0.843974 0.421477 -0.063683 0.0600723 0.902603
7.29999 -24.7159 15.0558 -0.909828 0.416635 -0.0662128 0.0592112 0.904724
7.33333 -24.8342 14.9177 -0.966836 0.411774 -0.0686618 0.0582599 0.906826
7.36666 -24.9514 14.778 -1.01434 0.406897 -0.071025 0.0572212 0.908909
7.39999 -25.0675 14.6367 -1.05184 0.402002 -0.0732996 0.0560967 0.910974
7.43333 -25.1825 14.4937 -1.07893 0.39709 -0.075483 0.0548882 0.913022
7.46666 -25.2964 14.3492 -1.09529 0.392163 -0.0775705 0.0535987 0.915051
7.49999 -25.4091 14.2031 -1.10076 0.387222 -0.0795599 0.0522303 0.917061
7.53333 -25.5207 14.0554 -1.09527 0.382264 -0.0814487 0.050785 0.919055
7.56666 -25.6311 13.9062 -1.07889 0.377293 -0.083233 0.0492663 0.921029
7.59999 -25.7403 13.7555 -1.0518 0.37231 -0.0849107 0.0476765 0.922986
7.63333 -25.8484 13.6032 -1.01428 0.367313 -0.0864797 0.046018 0.924924
7.66666 -25.9553 13.4494 -0.966756 0.362305 -0.0879366 0.0442946 0.926844
7.69999 -26.0609 13.2942 -0.90975 0.357286 -0.0892798 0.0425089 0.928746
7.73333 -26.1653 13.1374 -0.843861 0.352256 -0.0905076 0.0406634 0.930629
7.76666 -26.2685 12.9793 -0.76985 0.347217 -0.0916172 0.0387624 0.932493
7.79999 -26.3705 12.8197 -0.688511 0.34217 -0.0926073 0.0368085 0.934339
7.83333 -26.4712 12.6587 -0.600706 0.337113 -0.0934765 0.0348046 0.936165
7.86666 -26.5706 12.4963 -0.50745 0.33205 -0.094223 0.0327552 0.937972
7.89999 -26.6687 12.3326 -0.409739 0.326981 -0.0948457 0.0306631 0.939759
7.93333 -26.7656 12.1674 -0.308612 0.321904 -0.0953437 0.0285314 0.941527
7.96666 -26.8611 12.001 -0.205238 0.316823 -0.0957158 0.0263647 0.943274
7.99999 -26.9554 11.8332 -0.10072 0.311738 -0.0959614 0.0241662 0.945001
8.03333 -27.0483 11.6641 0.00383004 0.306647 -0.0960799 0.0219387 0.946707
8.06666 -27.1399 11.4937 0.107203 0.301554 -0.096071 0.0196874 0.948392
8.09999 -27.2302 11.3221 0.2083 0.296459 -0.0959343 0.0174153 0.950055
8.13333 -27.3191 11.1492 0.306039 0.291361 -0.0956698 0.0151254 0.951697
8.16666 -27.4066 10.9751 0.399294 0.286262 -0.0952777 0.012823 0.953316
8.2 -27.4928 10.7997 0.487097 0.281162 -0.0947582 0.0105104 0.954913
8.23333 -27.5776 10.6232 0.568434 0.276062 -0.0941119 0.00819277 0.956486
8.26666 -27.661 10.4456 0.642442 0.270963 -0.0933395 0.00587333 0.958036
8.3 -27.7431 10.2667 0.708328 0.265862 -0.0924415 0.00355514 0.959562
8.33333 -27.8237 10.0868 0.76533 0.260765 -0.0914194 0.0012434 0.961063
8.36666 -27.9029 9.9057 0.812847 0.255669 -0.0902742 -0.0010588 0.96254
8.4 -27.9807 9.72349 0.850366 0.250573 -0.0890068 -0.00334837 0.963991
8.43333 -28.057 9.54027 0.877454 0.245482 -0.0876194 -0.0056202 0.965417
8.46667 -28.132 9.35595 0.893831 0.240391 -0.086113 -0.00787194 0.966817
8.5 -28.2054 9.17065 0.899308 0.235305 -0.0844904 -0.0100985 0.96819
8.53333 -28.2774 8.98433 0.893831 0.230222 -0.082753 -0.0122971 0.969535
8.56667 -28.348 8.79697 0.877453 0.22514 -0.0809025 -0.0144646 0.970854
8.6 -28.4171 8.6087 0.850364 0.220064 -0.0789423 -0.0165962 0.972144
8.63334 -28.4847 8.41942 0.812844 0.21499 -0.0768738 -0.0186898 0.973407
8.66667 -28.5508 8.22927 0.765327 0.20992 -0.0747008 -0.0207406 0.97464
8.7 -28.6154 8.03821 0.708324 0.204855 -0.0724256 -0.022746 0.975844
8.73334 -28.6785 7.84621 0.642438 0.199792 -0.0700504 -0.0247032 0.977019
8.76667 -28.7402 7.6534 0.56843 0.194734 -0.0675796 -0.026608 0.978163
8.8 -28.8002 7.45974 0.487092 0.189679 -0.0650158 -0.0284578 0.979278
8.83334 -28.8588 7.26521 0.399289 0.184627 -0.0623615 -0.0302501 0.980362
8.86667 -28.9159 7.06993 0.306034 0.17958 -0.0596218 -0.031981 0.981414
8.90001 -28.9714 6.87381 0.208294 0.174534 -0.0567988 -0.0336486 0.982436
8.93334 -29.0254 6.67699 0.107197 0.169492 -0.0538977 -0.0352493 0.983425
8.96667 -29.0778 6.47943 0.00382315 0.164454 -0.0509217 -0.0367811 0.984383
9.00001 -29.1287 6.2811 -0.100728 0.159416 -0.0478737 -0.0382417 0.985308
9.03334 -29.178 6.08213 -0.205247 0.154382 -0.0447597 -0.0396281 0.986201
9.06667 -29.2257 5.88249 -0.308622 0.14935 -0.0415828 -0.0409384 0.987061
9.10001 -29.2719 5.68215 -0.40975 0.144318 -0.0383463 -0.0421709 0.987888
9.13334 -29.3165 5.48123 -0.507462 0.139289 -0.0350566 -0.0433229 0.988682
9.16668 -29.3595 5.27964 -0.600746 0.134259 -0.0317161 -0.0443933 0.989443
9.20001 -29.4009 5.07754 -0.688525 0.129231 -0.0283312 -0.0453796 0.99017
9.23334 -29.4408 4.87487 -0.769866 0.124202 -0.0249055 -0.0462807 0.990864
9.26668 -29.479 4.6716 -0.843898 0.119172 -0.0214427 -0.0470954 0.991524
9.30001 -29.5157 4.46787 -0.909766 0.114142 -0.0179494 -0.047822 0.99215
9.33334 -29.5507 4.26365 -0.966774 0.109111 -0.0144293 -0.0484596 0.992743
9.36668 -29.5841 4.05889 -1.01431 0.104076 -0.0108861 -0.0490074 0.993302
9.40001 -29.616 3.85375 -1.05182 0.0990402 -0.00732678 -0.0494642 0.993826
9.43335 -29.6462 3.64811 -1.07892 0.0940001 -0.003754 -0.0498297 0.994317
9.46668 -29.6747 3.44213 -1.0953 0.0889581 -0.000174733 -0.0501031 0.994774
9.50001 -29.7017 3.23577 -1.10078 0.0839123 0.00340723 -0.0502842 0.995198
9.53335 -29.7271 3.02899 -1.09531 0.0788607 0.0069881 -0.0503729 0.995588
9.56668 -29.7508 2.82193 -1.07895 0.0738058 0.0105609 -0.050369 0.995944
9.60001 -29.7728 2.61456 -1.05187 0.0687456 0.0141218 -0.0502727 0.996267
9.63335 -29.7933 2.40683 -1.01436 0.0636783 0.017667 -0.0500843 0.996556
9.66668 -29.8121 2.1989 -0.966856 0.0586063 0.0211897 -0.0498042 0.996813
9.70002 -29.8293 1.99066 -0.909847 0.0535264 0.0246871 -0.0494329 0.997037
9.73335 -29.8448 1.78225 -0.843994 0.048441 0.0281524 -0.0489713 0.997228
9.76668 -29.8587 1.57365 -0.770001 0.0433485 0.0315819 -0.0484203 0.997386
9.80002 -29.871 1.3648 -0.688654 0.0382467 0.034972 -0.0477807 0.997512
9.83335 -29.8816 1.15587 -0.600893 0.0331386 0.038316 -0.047054 0.997607
9.86668 -29.8905 0.946797 -0.507655 0.0280223 0.0416105 -0.0462414 0.99767
9.90002 -29.8979 0.737556 -0.409934 0.022896 0.044852 -0.0453441 0.997701
9.93335 -29.9035 0.528292 -0.308857 0.0177625 0.048034 -0.0443642 0.997702
9.96669 -29.9076 0.318902 -0.205473 0.0126186 0.0511543 -0.0433029 0.997672
10 -29.9099 0.109661 -0.101039 0.00747033 0.0542048 -0.0421634 0.997611
10.0334 -29.9107 -0.100163 0.00367693 0.00229892 0.0571924 -0.0409435 0.997521
10.0667 -29.9098 -0.309353 0.106933 -0.00286627 0.060096 -0.0396522 0.997401
10.1 -29.9072 -0.518515 0.207916 -0.00804075 0.0629206 -0.0382882 0.997251
10.1334 -29.903 -0.728252 0.305806 -0.0132401 0.0656708 -0.0368495 0.997073
10.1667 -29.8971 -0.937287 0.398949 -0.0184332 0.0683262 -0.0353472 0.996866
10.2 -29.8896 -1.14622 0.486624 -0.0236355 0.0708916 -0.0337797 0.996632
10.2334 -29.8805 -1.35567 0.568105 -0.0288627 0.073371 -0.0321447 0.996369
10.2667 -29.8697 -1.56434 0.642014 -0.0340831 0.0757462 -0.0304548 0.996079
10.3 -29.8573 -1.77285 0.707797 -0.0393124 0.0780216 -0.028708 0.995763
10.3334 -29.8432 -1.98179 0.764891 -0.0445659 0.0802004 -0.0269019 0.995419
10.3667 -29.8275 -2.1899 0.81233 -0.0498121 0.0822668 -0.0250503 0.995049
10.4 -29.8102 -2.39777 0.84978 -0.0550663 0.0842247 -0.023151 0.994655
10.4334 -29.7912 -2.60601 0.876896 -0.060344 0.0860769 -0.0212015 0.994233
10.4667 -29.7706 -2.81334 0.89322 -0.0656132 0.0878099 -0.0192165 0.993788
10.5 -29.7484 -3.02037 0.898668 -0.0708893 0.089427 -0.0171938 0.993319
10.5334 -29.7244 -3.22769 0.89315 -0.0761877 0.0909306 -0.0151305 0.992823
10.5667 -29.699 -3.43405 0.876758 -0.0814763 0.0923096 -0.0130424 0.992306
10.6 -29.6719 -3.64003 0.84967 -0.0867704 0.093567 -0.0109268 0.991764
10.6334 -29.6431 -3.84624 0.812055 -0.0920853 0.0947043 -0.00878103 0.991198
10.6667 -29.6128 -4.05141 0.76455 -0.0973887 0.0957133 -0.00662135 0.990611
10.7 -29.5808 -4.25615 0.707575 -0.102696 0.0965963 -0.00444505 0.990001
10.7334 -29.5472 -4.46103 0.641544 -0.108022 0.0973543 -0.00224918 0.989368
10.7667 -29.512 -4.66482 0.567574 -0.113335 0.0979817 -5.05655e-05 0.988714
10.8 -29.4753 -4.86811 0.486287 -0.11865 0.0984804 0.00215367 0.988038
10.8334 -29.4368 -5.07147 0.398302 -0.123982 0.0988506 0.00436645 0.987339
10.8667 -29.3969 -5.27368 0.305105 -0.129298 0.0990898 0.00657082 0.986621
10.9 -29.3554 -5.47531 0.207462 -0.134614 0.099199 0.00876972 0.985881
10.9334 -29.3121 -5.67695 0.106132 -0.139945 0.0991778 0.010966 0.985119
10.9667 -29.2674 -5.87737 0.00282995 -0.145259 0.0990267 0.0131428 0.984338
11 -29.2211 -6.07716 -0.101614 -0.15057 0.0987459 0.0153031 0.983536
11.0334 -29.1731 -6.27688 -0.206371 -0.155893 0.0983346 0.0174497 0.982712
11.0667 -29.1237 -6.47531 -0.309669 -0.161197 0.097796 0.019566 0.98187
11.1 -29.0727 -6.67305 -0.410692 -0.166496 0.0971297 0.0216549 0.981008
11.1334 -29.02 -6.87065 -0.508624 -0.171806 0.0963343 0.0237191 0.980122
11.1667 -28.966 -7.06691 -0.601808 -0.177093 0.0954157 0.0257426 0.97922
11.2 -28.9103 -7.2624 -0.689524 -0.182373 0.0943731 0.0277282 0.978297
11.2334 -28.853 -7.45769 -0.771047 -0.187662 0.0932043 0.0296784 0.977351
11.2667 -28.7943 -7.65158 -0.844998 -0.192926 0.091918 0.0315781 0.976388
11.3 -28.734 -7.84463 -0.910823 -0.198181 0.0905127 0.0334298 0.975405
11.3334 -28.6721 -8.03741 -0.967959 -0.203442 0.0889858 0.0352359 0.974398
11.3667 -28.6088 -8.22874 -1.01544 -0.208677 0.0873486 0.0369822 0.973374
11.4 -28.5441 -8.41917 -1.05293 -0.2139 0.085599 0.0386712 0.972329
11.4334 -28.4776 -8.60925 -1.08009 -0.219128 0.0837337 0.0403047 0.971261
11.4667 -28.4098 -8.79783 -1.09646 -0.224327 0.0817666 0.0418702 0.970174
11.5 -28.3406 -8.98545 -1.10195 -0.229513 0.079695 0.0433697 0.969067
11.5334 -28.2696 -9.17264 -1.09648 -0.234702 0.0775152 0.0448047 0.967935
11.5667 -28.1974 -9.35828 -1.08014 -0.23986 0.0752433 0.0461641 0.966786
11.6 -28.1237 -9.5429 -1.0531 -0.245005 0.0728762 0.0474497 0.965614
11.6334 -28.0484 -9.72703 -1.01553 -0.250149 0.0704097 0.0486628 0.964417
11.6667 -27.9718 -9.90954 -0.968073 -0.255263 0.067862 0.0497937 0.963201
11.7 -27.8938 -10.091 -0.911149 -0.260361 0.0652294 0.0508441 0.961963
11.7334 -27.8141 -10.2719 -0.84517 -0.265458 0.0625074 0.0518146 0.960698
11.7667 -27.7333 -10.4511 -0.771252 -0.270523 0.0597161 0.0526977 0.959413
11.8 -27.651 -10.6292 -0.69002 -0.275571 0.0568513 0.0534945 0.958106
11.8334 -27.5671 -10.8066 -0.60209 -0.280618 0.0539082 0.0542053 0.95677
11.8667 -27.482 -10.9823 -0.50895 -0.285632 0.0509085 0.0548245 0.955415
11.9 -27.3955 -11.1569 -0.411366 -0.290629 0.0478477 0.0553529 0.954034
11.9334 -27.3075 -11.3307 -0.310096 -0.295623 0.0447206 0.0557904 0.952625
11.9667 -27.2183 -11.5028 -0.206855 -0.300585 0.0415503 0.0561333 0.951195
12 -27.1277 -11.6736 -0.102474 -0.305529 0.038332 0.0563821 0.949739
12.0334 -27.0355 -11.8437 0.00221803 -0.31047 0.0350602 0.0565364 0.948253
12.0667 -26.9423 -12.012 0.10545 -0.315379 0.0317592 0.0565946 0.946744
12.1 -26.8478 -12.1789 0.206406 -0.32027 0.0284237 0.0565567 0.945209
12.1334 -26.7516 -12.345 0.304269 -0.325158 0.0250483 0.0564219 0.943643
12.1667 -26.6544 -12.5093 0.397382 -0.330014 0.0216578 0.0561909 0.942053
12.2 -26.556 -12.6722 0.485027 -0.334853 0.0182469 0.0558632 0.940436
12.2334 -26.4559 -12.8342 0.566476 -0.33969 0.0148099 0.0554377 0.938785
12.2667 -26.3549 -12.9944 0.640353 -0.344495 0.0113723 0.0549171 0.937111
12.3001 -26.2523 -13.1536 0.706287 -0.349298 0.00791811 0.0542987 0.935404
12.3334 -26.1488 -13.3108 0.763162 -0.354071 0.0044728 0.0535869 0.933671
12.3667 -26.0441 -13.4666 0.810566 -0.358827 0.00103077 0.0527807 0.93191
12.4001 -25.9377 -13.6215 0.848077 -0.363583 -0.00241355 0.0518782 0.930113
12.4334 -25.8305 -13.7743 0.87506 -0.368309 -0.00583481 0.0508858 0.928292
12.4667 -25.7221 -13.9257 0.891346 -0.37302 -0.00923868 0.0498021 0.92644
12.5001 -25.6122 -14.076 0.896759 -0.377731 -0.0126306 0.048625 0.924552
12.5334 -25.5015 -14.2243 0.891204 -0.382413 -0.0159857 0.0473629 0.922638
12.5667 -25.3895 -14.371 0.874775 -0.387082 -0.0193095 0.0460141 0.920694
12.6001 -25.2761 -14.5166 0.847555 -0.391752 -0.0226075 0.044576 0.918712
12.6334 -25.1619 -14.6602 0.810002 -0.396395 -0.0258553 0.0430593 0.916705
12.6667 -25.0465 -14.8022 0.762462 -0.401026 -0.0290586 0.0414617 0.914666
12.7001 -24.9297 -14.943 0.705269 -0.405659 -0.0322224 0.0397803 0.91259
12.7334 -24.8121 -15.0817 0.63939 -0.410267 -0.0353235 0.0380277 0.910487
12.7667 -24.6934 -15.2188 0.565388 -0.414864 -0.0383674 0.0362014 0.908353
12.8001 -24.5733 -15.3546 0.483818 -0.419464 -0.0413589 0.0342982 0.90618
12.8334 -24.4525 -15.4884 0.396057 -0.424041 -0.0442761 0.0323323 0.903982
12.8667 -24.3307 -15.6205 0.302833 -0.428608 -0.0471242 0.0303009 0.901752
12.9001 -24.2074 -15.7512 0.204866 -0.43318 -0.0499076 0.0282006 0.899483
12.9334 -24.0834 -15.8798 0.103811 -0.437729 -0.0526062 0.0260472 0.897189
12.9667 -23.9585 -16.0067 0.000485966 -0.44227 -0.0552247 0.0238375 0.894863
13.0001 -23.8322 -16.1323 -0.104293 -0.446817 -0.0577674 0.0215681 0.892498
13.0334 -23.7052 -16.2556 -0.208756 -0.451343 -0.0602159 0.0192559 0.890108
13.0667 -23.5773 -16.3773 -0.312076 -0.455861 -0.0625747 0.0168978 0.887688
13.1001 -23.4481 -16.4974 -0.413421 -0.460387 -0.0648475 0.0144898 0.885228
13.1334 -23.3183 -16.6155 -0.511079 -0.464892 -0.0670176 0.0120501 0.882745
13.1667 -23.1875 -16.7317 -0.60429 -0.469391 -0.0690895 0.00957525 0.880231
13.2001 -23.0555 -16.8464 -0.692289 -0.473898 -0.0710662 0.0070614 0.877679
13.2334 -22.9229 -16.9589 -0.773587 -0.478386 -0.0729336 0.00452744 0.875104
13.2667 -22.7895 -17.0696 -0.847569 -0.482868 -0.0746953 0.00196977 0.8725
13.3001 -22.6547 -17.1788 -0.91361 -0.487358 -0.0763543 -0.000615469 0.869858
13.3334 -22.5195 -17.2857 -0.970594 -0.491829 -0.0778984 -0.00320882 0.867194
13.3667 -22.3835 -17.3908 -1.01811 -0.496295 -0.0793312 -0.005814 0.864502
13.4001 -22.2462 -17.4942 -1.05573 0.50077 0.0806547 0.00843486 -0.861773
13.4334 -22.1085 -17.5955 -1.08283 0.505226 0.0818595 0.0110516 -0.859025
13.4667 -21.9701 -17.6948 -1.09923 0.509678 0.0829486 0.0136681 -0.856248
13.5001 -21.8304 -17.7925 -1.10476 0.514137 0.0839235 0.0162881 -0.853437
13.5334 -21.6903 -17.8879 -1.09932 0.518578 0.0847773 0.0188918 -0.850607
13.5667 -21.5496 -17.9814 -1.08301 0.523014 0.0855125 0.021483 -0.847751
13.6001 -21.4076 -18.0732 -1.05591 0.527458 0.08613 0.0240654 -0.844861
13.6334 -21.2653 -18.1627 -1.01847 0.531884 0.0866257 0.0266194 -0.841954
13.6667 -21.1224 -18.2503 -0.971048 0.536303 0.0870013 0.0291488 -0.839023
13.7001 -20.9783 -18.3361 -0.913971 0.54073 0.0872573 0.0316572 -0.836059
13.7334 -20.834 -18.4197 -0.848206 0.545137 0.0873921 0.0341254 -0.833081
13.7667 -20.689 -18.5013 -0.774317 0.549538 0.0874071 0.0365572 -0.830079
13.8001 -20.5429 -18.581 -0.692857 0.553945 0.087302 0.0389559 -0.827047
13.8334 -20.3966 -18.6585 -0.605207 0.558331 0.087078 0.0413031 -0.824001
13.8667 -20.2497 -18.734 -0.51209 0.56271 0.0867358 0.0436026 -0.820934
13.9001 -20.1018 -18.8076 -0.414228 0.567094 0.0862746 0.0458571 -0.817837
13.9334 -19.9537 -18.879 -0.313277 0.571457 0.0856982 0.0480496 -0.81473
13.9667 -19.8051 -18.9483 -0.210054 0.57581 0.0850067 0.0501834 -0.811602
14.0001 -19.6555 -19.0157 -0.105374 0.580167 0.0841987 0.0522611 -0.808447
14.0334 -19.5058 -19.0809 -0.0010095 0.5845 0.0832808 0.054267 -0.805282
14.0667 -19.3555 -19.1439 0.102211 0.588824 0.0822522 0.0562039 -0.802099
14.1001 -19.2044 -19.2051 0.203456 0.593149 0.0811113 0.0580743 -0.798889
14.1334 -19.0532 -19.2639 0.301013 0.597449 0.0798669 0.0598638 -0.795671
14.1667 -18.9015 -19.3207 0.394121 0.601737 0.0785177 0.0615751 -0.792437
14.2001 -18.7489 -19.3755 0.482016 0.606025 0.0770616 0.06321 -0.789177
14.2334 -18.5964 -19.4281 0.563209 0.610286 0.0755097 0.0647561 -0.785911
14.2667 -18.4434 -19.4785 0.637086 0.614533 0.0738603 0.0662157 -0.78263
14.3001 -18.2896 -19.5269 0.70302 0.618778 0.0721108 0.0675901 -0.779324
14.3334 -18.1358 -19.5731 0.759898 0.622995 0.0702743 0.0688688 -0.776013
14.3667 -17.9817 -19.6171 0.807305 0.627196 0.0683488 0.0700536 -0.772688
14.4001 -17.8268 -19.6591 0.84482 0.631392 0.066331 0.0711456 -0.769339
14.4334 -17.672 -19.6988 0.871808 0.635558 0.0642363 0.0721361 -0.765987
14.4667 -17.5169 -19.7363 0.888101 0.639706 0.062062 0.0730267 -0.762621
14.5001 -17.3611 -19.7718 0.893519 0.643848 0.0598047 0.0738179 -0.759232
14.5334 -17.2054 -19.8051 0.887971 0.647958 0.0574812 0.0745032 -0.755841
14.5667 -17.0495 -19.8362 0.871549 0.652048 0.0550887 0.0750837 -0.752436
14.6001 -16.8928 -19.8652 0.844334 0.65613 0.0526231 0.0755593 -0.749009
14.6334 -16.7364 -19.8919 0.806787 0.660178 0.0501032 0.0759261 -0.74558
14.6667 -16.5798 -19.9165 0.759253 0.664205 0.0475254 0.0761845 -0.742139
14.7001 -16.4225 -19.9389 0.702064 0.66822 0.0448857 0.0763341 -0.738674
14.7334 -16.2655 -19.9591 0.636189 0.672201 0.0422039 0.0763731 -0.735208
14.7668 -16.1079 -19.9772 0.561956 0.676171 0.0394679 0.0763013 -0.73172
14.8001 -15.9506 -19.9931 0.480621 0.680104 0.0366983 0.0761186 -0.728229
14.8334 -15.7932 -20.0067 0.392861 0.684013 0.033891 0.0758249 -0.724726
14.8668 -15.6352 -20.0182 0.299348 0.687909 0.0310418 0.0754186 -0.7212
14.9001 -15.4775 -20.0275 0.201665 0.691768 0.028172 0.0749022 -0.717672
14.9334 -15.3198 -20.0346 0.100606 0.695601 0.0252772 0.074275 -0.714132
14.9668 -15.1616 -20.0395 -0.00303728 0.699419 0.0223532 0.073535 -0.710568
15.0001 -15.0038 -20.0422 -0.107511 0.703199 0.0194216 0.0726872 -0.707001
15.0334 -14.846 -20.0427 -0.211982 0.706952 0.0164782 0.0717302 -0.703421
15.0668 -14.6877 -20.0411 -0.315616 0.71069 0.0135183 0.0706616 -0.699817
15.1001 -14.5298 -20.0372 -0.416659 0.714389 0.0105642 0.069489 -0.69621
15.1334 -14.372 -20.0311 -0.51432 0.71806 0.00761121 0.0682103 -0.692589
15.1668 -14.2138 -20.0229 -0.607804 0.721714 0.00465492 0.0668228 -0.688942
15.2001 -14.0561 -20.0124 -0.69553 0.72533 0.00171731 0.0653363 -0.685292
15.2334 -13.8985 -19.9998 -0.776827 0.728917 -0.00120618 0.0637484 -0.681626
15.2668 -13.7405 -19.985 -0.851016 0.732487 -0.00412 0.0620559 -0.677934
15.3001 -13.5831 -19.968 -0.916843 0.736018 -0.00700248 0.0602708 -0.674237
15.3334 -13.4258 -19.9488 -0.973822 0.739521 -0.00985821 0.0583905 -0.670524
15.3668 -13.2682 -19.9274 -1.02146 0.743005 -0.0126915 0.056411 -0.666783
15.4001 -13.1112 -19.9039 -1.05895 0.746451 -0.0154814 0.0543469 -0.663036
15.4334 -12.9544 -19.8782 -1.08604 0.749869 -0.0182323 0.0521948 -0.659272
15.4668 -12.7973 -19.8502 -1.10246 0.753269 -0.0209484 0.0499506 -0.655478
15.5001 -12.6409 -19.8202 -1.10795 0.756631 -0.0236097 0.0476308 -0.651677
15.5334 -12.4848 -19.788 -1.1025 0.759965 -0.0262206 0.0452316 -0.647858
15.5668 -12.3284 -19.7535 -1.08612 0.763281 -0.0287849 0.0427486 -0.644008
15.6001 -12.1727 -19.7169 -1.05907 0.76656 -0.0312838 0.0402001 -0.64015
15.6334 -12.0174 -19.6783 -1.02163 0.769811 -0.0337216 0.0375821 -0.636271
15.6668 -11.8618 -19.6373 -0.974036 0.773045 -0.0361018 0.0348898 -0.632361
15.7001 -11.7071 -19.5943 -0.917108 0.776243 -0.0384071 0.032143 -0.628441
15.7334 -11.5526 -19.5492 -0.851336 0.779414 -0.0406415 0.0293375 -0.624501
15.7668 -11.3981 -19.5018 -0.777207 0.782569 -0.0428083 0.0264684 -0.620526
15.8001 -11.2444 -19.4524 -0.695977 0.785688 -0.0448916 0.0235568 -0.616542
15.8334 -11.0911 -19.4009 -0.608322 0.788782 -0.0468954 0.0205981 -0.612535
15.8668 -10.9377 -19.347 -0.514916 0.79186 -0.0488226 0.0175873 -0.608494
15.9001 -10.7852 -19.2913 -0.417339 0.794904 -0.0506591 0.0145467 -0.604442
15.9334 -10.6331 -19.2334 -0.316387 0.797923 -0.0524085 0.0114714 -0.600367
15.9668 -10.481 -19.1733 -0.212853 0.800928 -0.0540735 0.00835646 -0.596256
16.0001 -10.3299 -19.1112 -0.108488 0.803899 -0.055642 0.00522478 -0.592134
16.0334 -10.1792 -19.0471 -0.00412671 0.806848 -0.0571172 0.00207148 -0.587988
16.0668 -10.0286 -18.9806 0.099396 0.809783 -0.0585014 -0.00110856 -0.583805
16.1001 -9.87892 -18.9123 0.200328 0.812686 -0.0597846 -0.00429181 -0.579611
16.1334 -9.7298 -18.842 0.297879 0.815567 -0.0609696 -0.00748328 -0.575393
16.1668 -9.58079 -18.7693 0.391252 0.818435 -0.0620583 -0.0106881 -0.571137
16.2001 -9.43279 -18.6948 0.478868 0.821274 -0.063043 -0.0138824 -0.566871
16.2334 -9.28537 -18.6183 0.560054 0.824091 -0.0639262 -0.0170714 -0.562579
16.2668 -9.1381 -18.5395 0.634133 0.826897 -0.064709 -0.02026 -0.558251
16.3001 -8.9919 -18.4589 0.699852 0.829674 -0.0653863 -0.0234245 -0.553911
16.3334 -8.84632 -18.3763 0.756723 0.832431 -0.06596 -0.0265701 -0.549548
16.3668 -8.70096 -18.2914 0.804252 0.835176 -0.066431 -0.0297014 -0.545147
16.4001 -8.5567 -18.2048 0.841635 0.837895 -0.0667962 -0.0327953 -0.540735
16.4334 -8.41312 -18.1162 0.868618 0.840595 -0.067057 -0.0358567 -0.5363
16.4668 -8.2698 -18.0253 0.884938 0.843284 -0.0672139 -0.0388902 -0.531829
16.5001 -8.12762 -17.9328 0.890318 0.845947 -0.0672665 -0.0418733 -0.527347
16.5334 -7.98616 -17.8383 0.884765 0.848592 -0.0672156 -0.0448107 -0.522843
16.5668 -7.84503 -17.7415 0.868272 0.851228 -0.0670614 -0.0477069 -0.518303
16.6001 -7.70507 -17.6431 0.841119 0.853838 -0.0668054 -0.0505402 -0.513755
16.6334 -7.56589 -17.5428 0.803569 0.85643 -0.0664483 -0.0533153 -0.509185
16.6668 -7.42708 -17.4402 0.755874 0.859013 -0.0659895 -0.0560362 -0.50458
16.7001 -7.28948 -17.3361 0.69884 0.861572 -0.065433 -0.0586826 -0.499969
16.7334 -7.1527 -17.23 0.632963 0.864114 -0.064779 -0.0612589 -0.495337
16.7668 -7.01635 -17.1218 0.558728 0.866646 -0.0640264 -0.0637686 -0.490672
16.8001 -6.88125 -17.012 0.477391 0.869154 -0.0631814 -0.0661931 -0.486002
16.8334 -6.747 -16.9003 0.389629 0.871646 -0.0622437 -0.0685363 -0.481313
16.8668 -6.61324 -16.7865 0.296115 0.874128 -0.0612119 -0.0708015 -0.476592
16.9001 -6.48076 -16.6711 0.19843 0.876587 -0.0600941 -0.0729718 -0.471868
16.9334 -6.34919 -16.554 0.0973675 0.879028 -0.0588896 -0.0750507 -0.467128
16.9668 -6.21814 -16.4346 -0.00627946 0.881461 -0.0575967 -0.0770409 -0.462357
17.0001 -6.08841 -16.3139 -0.110759 0.883869 -0.0562254 -0.0789276 -0.457586
17.0334 -5.95963 -16.1913 -0.215234 0.88626 -0.0547743 -0.0807138 -0.4528
17.0667 -5.83181 -16.067 -0.318563 0.888635 -0.0532461 -0.0823968 -0.448
17.1001 -5.70458 -15.9406 -0.419915 0.890999 -0.0516388 -0.0839788 -0.443173
17.1334 -5.57872 -15.8127 -0.517576 0.893339 -0.0499647 -0.0854479 -0.438347
17.1667 -5.45386 -15.6832 -0.610787 0.895661 -0.0482221 -0.0868065 -0.43351
17.2001 -5.32963 -15.5516 -0.698783 0.897972 -0.0464085 -0.0880562 -0.428647
17.2334 -5.20681 -15.4186 -0.780077 0.900258 -0.0445377 -0.0891875 -0.423788
17.2667 -5.08503 -15.284 -0.854053 0.902526 -0.0426077 -0.0902024 -0.41892
17.3001 -4.96393 -15.1473 -0.920087 0.904782 -0.0406157 -0.0911018 -0.414028
17.3334 -4.84427 -15.0093 -0.977062 0.907013 -0.0385769 -0.0918788 -0.409143
17.3667 -4.72568 -14.8697 -1.02457 0.909224 -0.0364889 -0.0925349 -0.40425
17.4001 -4.60783 -14.728 -1.06218 0.911421 -0.0343488 -0.0930703 -0.399336
17.4334 -4.49144 -14.5852 -1.08927 0.913593 -0.0321728 -0.0934808 -0.39443
17.4667 -4.37617 -14.4408 -1.10566 0.915743 -0.0299582 -0.0937673 -0.389518
17.5001 -4.26168 -14.2943 -1.11117 0.917879 -0.0277019 -0.0939295 -0.384587
17.5334 -4.14867 -14.1468 -1.10572 0.919988 -0.0254211 -0.0939658 -0.379666
17.5667 -4.03682 -13.9977 -1.0894 0.922075 -0.0231128 -0.0938766 -0.374741
17.6001 -3.92581 -13.8466 -1.06228 0.924146 -0.0207738 -0.0936609 -0.369799
17.6334 -3.8163 -13.6944 -1.02483 0.926188 -0.0184218 -0.0933197 -0.364868
17.6667 -3.70798 -13.5408 -0.977395 0.928207 -0.0160538 -0.0928529 -0.359935
17.7001 -3.60054 -13.3852 -0.920306 0.930208 -0.0136664 -0.0922591 -0.354985
17.7334 -3.49464 -13.2286 -0.854531 0.932179 -0.0112778 -0.0915423 -0.350049
17.7667 -3.38997 -13.0706 -0.780632 0.934126 -0.00888473 -0.0907016 -0.345112
17.8001 -3.28622 -12.9107 -0.699164 0.936054 -0.00648387 -0.0897347 -0.34016
17.8334 -3.18403 -12.7498 -0.611506 0.93795 -0.00409347 -0.0886487 -0.335222
17.8667 -3.08309 -12.5875 -0.518383 0.939821 -0.00171019 -0.0874418 -0.330284
17.9001 -2.98313 -12.4234 -0.420515 0.941671 0.000669236 -0.0861115 -0.325332
17.9334 -2.88475 -12.2584 -0.319558 0.943488 0.00302674 -0.0846671 -0.320395
17.9667 -2.78766 -12.0921 -0.21633 0.945278 0.00536568 -0.0831067 -0.315458
18.0001 -2.69159 -11.924 -0.111646 0.947046 0.00768923 -0.0814268 -0.310508
18.0334 -2.59712 -11.755 -0.0072765 0.94878 0.00997975 -0.0796397 -0.305573
18.0667 -2.50398 -11.5848 0.0959488 0.950485 0.0122406 -0.0777426 -0.30064
18.1001 -2.41189 -11.4128 0.197199 0.952166 0.0144747 -0.0757317 -0.295693
18.1334 -2.32142 -11.24 0.294762 0.953813 0.0166652 -0.0736216 -0.290761
18.1667 -2.23231 -11.0661 0.387877 0.95543 0.0188154 -0.0714091 -0.285831
18.2001 -2.1443 -10.8904 0.475779 0.957022 0.020928 -0.06909 -0.280887
18.2334 -2.05793 -10.714 0.556981 0.958578 0.022987 -0.0666807 -0.275958
18.2667 -1.97294 -10.5365 0.630863 0.960104 0.0249955 -0.0641779 -0.27103
18.3001 -1.88909 -10.3573 0.696803 0.961602 0.0269562 -0.061577 -0.266088
18.3334 -1.8069 -10.1775 0.753684 0.963065 0.0288543 -0.0588968 -0.261161
18.3667 -1.72611 -9.99653 0.801095 0.964495 0.0306927 -0.0561331 -0.256234
18.4001 -1.64651 -9.81398 0.838614 0.965898 0.0324738 -0.053281 -0.251292
18.4334 -1.56858 -9.6309 0.865606 0.967264 0.034184 -0.0503613 -0.246364
18.4667 -1.49209 -9.44677 0.881902 0.968598 0.0358263 -0.0473694 -0.241436
18.5001 -1.41681 -9.26105 0.887324 0.969902 0.0374025 -0.0442999 -0.236491
18.5334 -1.34322 -9.07488 0.88178 0.97117 0.0389009 -0.0411754 -0.23156
18.5667 -1.27108 -8.88772 0.865362 0.972405 0.0403239 -0.0379907 -0.226627
18.6001 -1.20021 -8.69903 0.838152 0.97361 0.0416733 -0.0347405 -0.221676
18.6334 -1.13102 -8.50995 0.800611 0.974778 0.042939 -0.0314485 -0.216738
18.6667 -1.06331 -8.31995 0.753081 0.975913 0.0441231 -0.0281094 -0.211796
18.7001 -0.996905 -8.12846 0.695898 0.977017 0.0452271 -0.0247175 -0.206836
18.7334 -0.932193 -7.93667 0.630028 0.978085 0.0462428 -0.0212976 -0.201887
18.7667 -0.868985 -7.74401 0.556034 0.979119 0.047172 -0.0178443 -0.196932
18.8001 -0.807105 -7.54992 0.474469 0.980123 0.0480158 -0.0143518 -0.191958
18.8334 -0.746929 -7.3556 0.386714 0.98109 0.0487678 -0.0108455 -0.186994
18.8667 -0.688276 -7.16047 0.293496 0.982024 0.0494297 -0.00731994 -0.182023
18.9001 -0.630984 -6.96397 0.195534 0.982927 0.0500023 -0.00376917 -0.17703
18.9334 -0.575401 -6.76731 0.0944856 0.983795 0.0504814 -0.000219277 -0.172046
18.9667 -0.52136 -6.56991 -0.00883311 0.984629 0.0508683 0.00333554 -0.167054
19.0001 -0.468709 -6.3712 -0.113607 0.985433 0.0511632 0.00690114 -0.16204
19.0334 -0.417771 -6.17239 -0.218064 0.986202 0.0513641 0.0104513 -0.157032
19.0667 -0.36839 -5.97291 -0.321375 0.986938 0.0514719 0.0139919 -0.152015
19.1001 -0.320429 -5.77217 -0.422711 0.987644 0.0514867 0.0175287 -0.146974
19.1334 -0.274182 -5.57142 -0.520356 0.988316 0.0514084 0.0210357 -0.141938
19.1667 -0.229507 -5.37005 -0.613553 0.988956 0.0512376 0.0245187 -0.136893
19.2001 -0.186282 -5.1675 -0.701536 0.989566 0.0509738 0.0279833 -0.131822
19.2334 -0.144769 -4.96499 -0.782817 0.990144 0.0506194 0.0314041 -0.126756
19.2667 -0.104841 -4.76194 -0.856781 0.99069 0.0501744 0.0347867 -0.121679
19.3 -0.0665016 -4.55838 -0.922619 0.991206 0.0496399 0.0381267 -0.116591
19.3334 -0.0296477 -4.35371 -0.979769 0.991693 0.0490148 0.0414292 -0.111477
19.3667 0.0054967 -4.14918 -1.02726 0.992148 0.0483042 0.0446701 -0.106366
19.4 0.0390408 -3.9442 -1.06477 0.992574 0.0475077 0.0478547 -0.101243
19.4334 0.0710743 -3.73818 -1.09194 0.992972 0.0466239 0.0509879 -0.0960938
19.4667 0.101402 -3.53237 -1.10832 0.993339 0.04566 0.0540469 -0.0909477
19.5 0.130119 -3.32617 -1.11383 0.993678 0.0446152 0.0570369 -0.0857897
19.5334 0.157302 -3.119 -1.10837 0.99399 0.0434879 0.0599626 -0.0806043
19.5667 0.182784 -2.91211 -1.09203 0.994273 0.0422869 0.0628024 -0.0754226
19.6 0.206648 -2.70491 -1.065 0.994529 0.0410113 0.0655613 -0.0702291
19.6334 0.228954 -2.49679 -1.02744 0.994758 0.039659 0.0682436 -0.0650082
19.6667 0.249567 -2.28903 -0.979997 0.99496 0.0382406 0.0708294 -0.0597914
19.7 0.268553 -2.08102 -0.92308 0.995136 0.0367547 0.0733235 -0.0545633
19.7334 0.285962 -1.87216 -0.857108 0.995286 0.0351991 0.0757295 -0.0493083
19.7667 0.301685 -1.66372 -0.783196 0.995411 0.0335859 0.0780297 -0.0440581
19.8 0.315777 -1.45511 -0.701968 0.99551 0.0319133 0.0802284 -0.0387974
19.8334 0.32827 -1.24572 -0.61404 0.995584 0.0301789 0.0823288 -0.0335107
19.8667 0.339089 -1.03683 -0.5209 0.995634 0.0283962 0.0843154 -0.0282299
19.9 0.348272 -0.827821 -0.423313 0.99566 0.0265631 0.086192 -0.0229397
19.9334 0.355837 -0.618102 -0.322039 0.995662 0.024677 0.0879612 -0.0176246
19.9667 0.36174 -0.408948 -0.218791 0.995641 0.0227524 0.0896101 -0.0123169
