1403638522.827830 0.020021 0.005823 0.182206  0.818886  0.023182  0.570789 -0.055571
1403638522.927830 0.029133 0.008240 0.281812  0.813522  0.018126  0.577225 -0.068302
1403638523.027829 0.032726 0.004499 0.344561  0.809470  0.015135  0.582478 -0.072451
1403638523.127830  0.032800 -0.000630  0.366552  0.808014  0.015567  0.584520 -0.072164
1403638523.227829  0.030998 -0.006885  0.378587  0.806504  0.015363  0.587117 -0.067891
1403638523.327830  0.029832 -0.013368  0.360448  0.804182  0.014728  0.591315 -0.058486
1403638523.427830  0.028973 -0.018566  0.324073  0.805102  0.015405  0.590361 -0.055201
1403638523.527829  0.025681 -0.024606  0.278406  0.811896  0.019072  0.581419 -0.049127
1403638523.627830  0.019869 -0.032174  0.227782  0.822176  0.022914  0.567247 -0.041625
1403638523.727829  0.014115 -0.038218  0.179428  0.829177  0.025751  0.557181 -0.036757
1403638523.827830  0.007823 -0.043011  0.134334  0.831598  0.028396  0.553574 -0.034562
1403638523.927830  0.000951 -0.048373  0.094370  0.831197  0.032700  0.554340 -0.027368
1403638524.027829 -0.004079 -0.051496  0.070085  0.832669  0.040360  0.551985 -0.018606
1403638524.127830 -0.006767 -0.051417  0.071911  0.836963  0.047905  0.544959 -0.014749
1403638524.227829 -0.006139 -0.050120  0.108759  0.840260  0.050583  0.539466 -0.019519
1403638524.327830 -0.003253 -0.050161  0.158943  0.839086  0.050317  0.540951 -0.027833
1403638524.427830  0.002883 -0.049240  0.217008  0.834451  0.048091  0.547761 -0.036564
1403638524.527829  0.010411 -0.047835  0.277680  0.826252  0.047238  0.559763 -0.041740
1403638524.627830  0.019284 -0.045367  0.335257  0.818254  0.043576  0.571654 -0.042110
1403638524.727829  0.027632 -0.041269  0.382984  0.813281  0.038309  0.579675 -0.032916
1403638524.827830  0.033474 -0.036695  0.416102  0.810653  0.033280  0.584223 -0.020440
1403638524.927830  0.037760 -0.031866  0.434575  0.809554  0.033224  0.585595 -0.024412
1403638525.027829  0.037941 -0.029914  0.433922  0.807282  0.036759  0.588311 -0.028887
1403638525.127830  0.039123 -0.028559  0.409725  0.804860  0.040776  0.591545 -0.024719
1403638525.227829  0.039843 -0.028468  0.368470  0.805058  0.045850  0.590953 -0.023540
1403638525.327830  0.038518 -0.027491  0.316215  0.810916  0.050701  0.582450 -0.024431
1403638525.427830  0.034702 -0.028526  0.262675  0.822091  0.054283  0.565972 -0.029927
1403638525.527829  0.030838 -0.028847  0.212912  0.833475  0.055088  0.548402 -0.039238
1403638525.627830  0.028058 -0.030711  0.169990  0.839320  0.053371  0.539307 -0.042905
1403638525.727829  0.026805 -0.034022  0.135740  0.839886  0.049243  0.538923 -0.041572
1403638525.827830  0.026076 -0.034025  0.109467  0.836928  0.043336  0.544324 -0.037204
1403638525.927830  0.024441 -0.037036  0.092072  0.833931  0.040511  0.549660 -0.028149
1403638526.027829  0.021790 -0.050472  0.085234  0.834229  0.040159  0.549517 -0.021930
1403638526.127830  0.017040 -0.076819  0.091807  0.836797  0.033945  0.546117 -0.019374
1403638526.227829  0.013411 -0.109493  0.103492  0.837808  0.024555  0.545143 -0.017179
1403638526.327830  0.007601 -0.147331  0.117996  0.834937  0.016049  0.549930 -0.014138
1403638526.427830 -0.000516 -0.190382  0.131752  0.830107  0.006460  0.557443 -0.011765
1403638526.527829 -0.011070 -0.236997  0.142575  0.824952 -0.005192  0.565073 -0.010926
1403638526.627830 -0.022396 -0.290914  0.150012  0.819396 -0.014788  0.572974 -0.008517
1403638526.727829 -0.036014 -0.351602  0.155825  0.815321 -0.021965  0.578585 -0.003090
1403638526.827830 -0.051894 -0.416222  0.159886  0.813108 -0.025593  0.581504  0.007336
1403638526.927830 -0.069165 -0.478974  0.162996  0.814294 -0.029581  0.579578  0.011819
1403638527.027829 -0.085262 -0.538391  0.166001  0.818598 -0.039305  0.572748  0.017652
1403638527.127830 -0.098830 -0.592845  0.170412  0.822180 -0.054195  0.566062  0.025643
1403638527.227829 -0.108945 -0.638613  0.176492  0.821525 -0.068814  0.564967  0.034259
1403638527.327830 -0.114237 -0.670101  0.183517  0.816989 -0.080446  0.568913  0.048943
1403638527.427830 -0.112213 -0.683286  0.188473  0.812202 -0.086671  0.573477  0.062770
1403638527.527829 -0.105668 -0.674856  0.190443  0.810120 -0.089246  0.575298  0.069088
1403638527.627830 -0.092340 -0.643606  0.189401  0.810323 -0.088533  0.575088  0.069371
1403638527.727829 -0.077129 -0.598530  0.188079  0.811043 -0.081943  0.575444  0.066031
1403638527.827830 -0.062250 -0.546206  0.188880  0.813542 -0.076294  0.573690  0.056639
1403638527.927830 -0.044288 -0.489375  0.192386  0.816025 -0.071636  0.571996  0.042343
1403638528.027829 -0.022844 -0.430998  0.194253  0.815424 -0.065330  0.574039  0.035982
1403638528.127830 -0.002752 -0.372803  0.193408  0.814669 -0.057079  0.576486  0.026844
1403638528.227829  0.019866 -0.320361  0.189712  0.815969 -0.047154  0.575957  0.015600
1403638528.327830  0.048278 -0.276863  0.184199  0.816809 -0.036588  0.575731  0.004314
1403638528.427830  0.079718 -0.245824  0.178195  0.815409 -0.030812  0.578061  0.001909
1403638528.527829  0.114367 -0.224112  0.173197  0.816084 -0.030617  0.577110  0.003551
1403638528.627830  0.149293 -0.208052  0.170859  0.818198 -0.037804  0.573685  0.002809
1403638528.727829  0.181657 -0.197102  0.172149  0.818206 -0.043327  0.573273  0.004482
1403638528.827830  0.203342 -0.189698  0.177013  0.817072 -0.049240  0.574397  0.006140
1403638528.927830  0.208805 -0.183363  0.186923  0.816194 -0.056938  0.574965 -0.000257
1403638529.027829  0.198987 -0.174881  0.202818  0.816829 -0.061136  0.573602 -0.005863
1403638529.127830  0.174024 -0.162339  0.217171  0.817614 -0.057662  0.572853  0.004717
1403638529.227829  0.141483 -0.144069  0.221425  0.818907 -0.050293  0.571365  0.020101
1403638529.327830  0.105654 -0.123445  0.215759  0.822219 -0.045075  0.566704  0.027756
1403638529.427830  0.073146 -0.100205  0.198423  0.829939 -0.041273  0.555545  0.029468
1403638529.527829  0.045617 -0.084519  0.176386  0.841220 -0.039200  0.538663  0.025582
1403638529.627830  0.025066 -0.072478  0.152230  0.848646 -0.035854  0.527071  0.026649
1403638529.727829  0.012950 -0.064067  0.123721  0.848750 -0.033530  0.527089  0.026015
1403638529.827830  0.006544 -0.054977  0.102083  0.842719 -0.034419  0.536682  0.024745
1403638529.927830  0.001508 -0.047670  0.082516  0.837795 -0.034705  0.544336  0.024346
1403638530.027829  0.004337 -0.043885  0.069084  0.837481 -0.034954  0.544789  0.024666
1403638530.127830  0.014426 -0.042871  0.059262  0.839680 -0.037196  0.541237  0.024845
1403638530.227829  0.029063 -0.043931  0.049475  0.840229 -0.042972  0.539850  0.027020
1403638530.327830  0.043329 -0.046403  0.039400  0.839563 -0.049035  0.540311  0.028165
1403638530.427830  0.056122 -0.050126  0.030531  0.839030 -0.053075  0.540574  0.031496
1403638530.527829  0.066273 -0.054056  0.023998  0.838887 -0.056967  0.540532  0.029120
1403638530.627830  0.072092 -0.058177  0.019034  0.840149 -0.059464  0.538203  0.030846
1403638530.727829  0.075578 -0.060779  0.013798  0.844014 -0.061635  0.531856  0.031154
1403638530.827830  0.078124 -0.062744  0.008579  0.846101 -0.062216  0.528463  0.031132
1403638530.927830  0.080142 -0.063558  0.004718  0.845195 -0.061515  0.530130  0.028697
1403638531.027829  0.080668 -0.063391  0.002199  0.842513 -0.061282  0.534483  0.027267
1403638531.127830  0.080038 -0.062209  0.002016  0.838904 -0.059936  0.540157  0.029640
1403638531.227829  0.080616 -0.060950  0.001330  0.838623 -0.057189  0.540768  0.031792
1403638531.327830  0.080666 -0.059643  0.000459  0.834982 -0.057391  0.546310  0.032502
1403638531.427830  0.080619 -0.059803  0.000407  0.835821 -0.056879  0.545030  0.033324
1403638531.527829  0.080237 -0.059861  0.000476  0.835056 -0.057382  0.546177  0.032841
1403638531.627830  0.080164 -0.059942  0.000392  0.835229 -0.056373  0.545986  0.033395
1403638531.727829  0.080148 -0.059906  0.000326  0.835376 -0.056882  0.545708  0.033388
1403638531.827830  0.080196 -0.059901  0.000273  0.835396 -0.057037  0.545660  0.033392
1403638531.927830  0.080194 -0.059864  0.000229  0.835399 -0.057253  0.545638  0.033321
1403638532.027829  0.080201 -0.059836  0.000156  0.835440 -0.057436  0.545558  0.033286
1403638532.127830  0.080236 -0.059859  0.000126  0.835484 -0.057561  0.545475  0.033332
1403638532.227829  0.080159 -0.059900  0.000074  0.835657 -0.057527  0.545194  0.033640
1403638532.327830  0.080173 -0.059950  0.000052  0.835677 -0.057536  0.545152  0.033796
1403638532.427830  0.080138 -0.060000  0.000021  0.835762 -0.057546  0.545014  0.033925
1403638532.527829  0.080128 -0.060025 -0.000008  0.835811 -0.057641  0.544924  0.034003
1403638532.627830  0.080134 -0.060047 -0.000047  0.835853 -0.057736  0.544846  0.034060
1403638532.727829  0.080120 -0.060049 -0.000077  0.835852 -0.057824  0.544833  0.034112
1403638532.827830  0.080132 -0.060062 -0.000076  0.835857 -0.057919  0.544812  0.034168
1403638532.927830  0.080106 -0.060077 -0.000091  0.835862 -0.057940  0.544793  0.034320
1403638533.027829  0.080110 -0.060118 -0.000095  0.835843 -0.058030  0.544805  0.034448
1403638533.127830  0.080100 -0.060146 -0.000103  0.835842 -0.058114  0.544792  0.034553
1403638533.227829  0.080094 -0.060177 -0.000127  0.835819 -0.058207  0.544809  0.034675
1403638533.327830  0.080101 -0.060201 -0.000127  0.835790 -0.058292  0.544834  0.034831
1403638533.427830  0.080083 -0.060229 -0.000149  0.835774 -0.058395  0.544844  0.034889
1403638533.527829  0.080095 -0.060258 -0.000148  0.835745 -0.058484  0.544869  0.035042
1403638533.627830  0.080095 -0.060308 -0.000147  0.835722 -0.058547  0.544886  0.035223
1403638533.727829  0.080070 -0.060357 -0.000154  0.835712 -0.058736  0.544861  0.035525
1403638533.827830  0.080082 -0.060402 -0.000163  0.835647 -0.058880  0.544940  0.035614
1403638533.927830  0.080130 -0.060457 -0.000218  0.835657 -0.058938  0.544902  0.035853
1403638534.027829  0.080098 -0.060477 -0.000211  0.835602 -0.059144  0.544954  0.036012
1403638534.127830  0.080071 -0.060490 -0.000182  0.835648 -0.059302  0.544860  0.036103
1403638534.227829  0.080045 -0.060459 -0.000166  0.835635 -0.059337  0.544887  0.035949
1403638534.327830  0.080078 -0.060426 -0.000149  0.835684 -0.059263  0.544833  0.035739
1403638534.427830  0.080083 -0.060442 -0.000147  0.835731 -0.059379  0.544742  0.035820
1403638534.527829  0.080069 -0.060502 -0.000133  0.835738 -0.059667  0.544682  0.036098
1403638534.627830  0.080098 -0.060501 -0.000090  0.835785 -0.059335  0.544651  0.036018
1403638534.727829  0.080117 -0.060517 -0.000097  0.835782 -0.059157  0.544681  0.035951
1403638534.827830  0.080109 -0.060547 -0.000096  0.835736 -0.059306  0.544721  0.036152
1403638534.927830  0.080085 -0.060646 -0.000109  0.835706 -0.059671  0.544692  0.036679
1403638535.027829  0.080083 -0.060670 -0.000094  0.835724 -0.059635  0.544672  0.036620
1403638535.127830  0.080088 -0.060726 -0.000084  0.835726 -0.059744  0.544641  0.036864
1403638535.227829  0.080087 -0.060835 -0.000097  0.835649 -0.060044  0.544698  0.037263
1403638535.327830  0.080084 -0.060837 -0.000095  0.835668 -0.060070  0.544667  0.037256
1403638535.427830  0.080087 -0.060839 -0.000077  0.835643 -0.060091  0.544692  0.037419
1403638535.527829  0.080098 -0.060840 -0.000078  0.835626 -0.060158  0.544711  0.037422
1403638535.627830  0.080108 -0.060922 -0.000082  0.835578 -0.060372  0.544732  0.037825
1403638535.727829  0.080114 -0.060973 -0.000079  0.835542 -0.060544  0.544755  0.038036
1403638535.827830  0.080125 -0.061063 -0.000082  0.835484 -0.060757  0.544798  0.038357
1403638535.927830  0.080124 -0.061129 -0.000091  0.835445 -0.061015  0.544805  0.038694
1403638536.027829  0.080130 -0.061182 -0.000086  0.835423 -0.061122  0.544817  0.038805
1403638536.127830  0.080137 -0.061214 -0.000085  0.835401 -0.061255  0.544826  0.038966
1403638536.227829  0.080151 -0.061227 -0.000073  0.835401 -0.061272  0.544825  0.038950
1403638536.327830  0.080146 -0.061230 -0.000095  0.835337 -0.061253  0.544925  0.038941
1403638536.427830  0.080152 -0.061251 -0.000094  0.835291 -0.061379  0.544969  0.039116
1403638536.527829  0.080156 -0.061274 -0.000081  0.835296 -0.061375  0.544961  0.039147
1403638536.627830  0.080148 -0.061285 -0.000083  0.835224 -0.061538  0.545041  0.039286
1403638536.727829  0.080162 -0.061353 -0.000086  0.835178 -0.061638  0.545078  0.039616
1403638536.827830  0.080167 -0.061428 -0.000096  0.835130 -0.061835  0.545110  0.039853
1403638536.927830  0.080163 -0.061445 -0.000099  0.835118 -0.061836  0.545130  0.039848
1403638537.027829  0.080176 -0.061467 -0.000082  0.835124 -0.061897  0.545103  0.039978
1403638537.127830  0.080190 -0.061467 -0.000082  0.835086 -0.061907  0.545145  0.040195
1403638537.227829  0.080192 -0.061464 -0.000068  0.835091 -0.062013  0.545121  0.040252
1403638537.327830  0.080203 -0.061473 -0.000070  0.835053 -0.062039  0.545176  0.040271
1403638537.427830  0.080211 -0.061484 -0.000074  0.835024 -0.062056  0.545215  0.040314
1403638537.527829  0.080222 -0.061484 -0.000055  0.835021 -0.062058  0.545210  0.040429
1403638537.627830  0.080228 -0.061485 -0.000021  0.835022 -0.061984  0.545206  0.040581
1403638537.727829  0.080231 -0.061537 -0.000007  0.835068 -0.062061  0.545120  0.040682
1403638537.827830  0.080225 -0.061514  0.000008  0.835048 -0.062077  0.545149  0.040679
1403638537.927830  0.080245 -0.061525 -0.000003  0.834998 -0.062078  0.545224  0.040692
1403638538.027829  0.080232 -0.061540  0.000057  0.835070 -0.062121  0.545105  0.040734
1403638538.127830  0.080221 -0.061528  0.000065  0.834985 -0.062071  0.545234  0.040838
1403638538.227829  0.080249 -0.061524  0.000050  0.834978 -0.062109  0.545238  0.040859
1403638538.327830  0.080235 -0.061542  0.000036  0.834975 -0.062051  0.545246  0.040899
1403638538.427830  0.080298 -0.061501  0.000114  0.834864 -0.062083  0.545409  0.040950
1403638538.527829  0.080267 -0.061527  0.000198  0.834865 -0.062127  0.545405  0.040921
1403638538.627830  0.080212 -0.061553  0.000290  0.834682 -0.062205  0.545663  0.041083
1403638538.727829  0.080188 -0.061639  0.000411  0.834332 -0.062217  0.546176  0.041360
1403638538.827830  0.080971 -0.061519  0.000550  0.833785 -0.061820  0.547079  0.041065
1403638538.927830  0.083223 -0.061266  0.002225  0.830916 -0.061065  0.551501  0.041189
1403638539.027829  0.086511 -0.061136  0.005457  0.826262 -0.061620  0.558305  0.042313
1403638539.127830  0.092468 -0.061279  0.011315  0.819608 -0.062941  0.567893  0.042180
1403638539.227829  0.100199 -0.060948  0.023243  0.814816 -0.062235  0.574835  0.042036
1403638539.327830  0.107731 -0.060502  0.043704  0.813877 -0.061919  0.576234  0.041538
1403638539.427830  0.114978 -0.060233  0.071564  0.815478 -0.060848  0.574087  0.041444
1403638539.527829  0.122319 -0.060129  0.104626  0.817464 -0.059717  0.571400  0.041084
1403638539.627830  0.129939 -0.060303  0.137746  0.818145 -0.058793  0.570582  0.040231
1403638539.727829  0.137843 -0.060420  0.161387  0.818794 -0.057816  0.569793  0.039625
1403638539.827830  0.146740 -0.060139  0.174309  0.820419 -0.056500  0.567595  0.039448
1403638539.927830  0.157780 -0.059481  0.183788  0.824285 -0.055892  0.562117  0.038137
1403638540.027829  0.172131 -0.059383  0.192849  0.829705 -0.056486  0.554115  0.036832
1403638540.127830  0.191087 -0.059386  0.201473  0.835561 -0.056390  0.545278  0.036477
1403638540.227829  0.218061 -0.060177  0.210763  0.835500 -0.055154  0.545462  0.036991
1403638540.327830  0.252357 -0.061724  0.221893  0.829325 -0.054065  0.554861  0.037773
1403638540.427830  0.290186 -0.062229  0.232378  0.824777 -0.050092  0.562010  0.037136
1403638540.527829  0.353368 -0.071956  0.220594  0.824449 -0.041389  0.563536  0.031579
1403638540.627830  0.399048 -0.069944  0.226993  0.824782 -0.027499  0.564315  0.022942
1403638540.727829  0.447135 -0.066180  0.233829  0.824134 -0.006102  0.566135  0.016028
1403638540.827830  0.502947 -0.066703  0.235113 0.823659 0.020443 0.566676 0.006868
1403638540.927830  0.555565 -0.058600  0.237926  0.822856  0.048625  0.566145 -0.004897
1403638541.027829  0.608466 -0.045555  0.239152  0.821279  0.071260  0.565709 -0.019888
1403638541.127830  0.660980 -0.026693  0.237632  0.819053  0.087519  0.566100 -0.031992
1403638541.227829  0.714109 -0.004774  0.231784  0.818217  0.098468  0.565040 -0.039434
1403638541.327830 0.770697 0.015809 0.229531  0.817630  0.104578  0.564475 -0.043737
1403638541.427830 0.824358 0.046016 0.232311  0.817704  0.105774  0.563953 -0.046145
1403638541.527829 0.877716 0.080790 0.240467  0.816529  0.106541  0.565608 -0.044916
1403638541.627830 0.933165 0.122438 0.255831  0.814981  0.108843  0.567315 -0.045960
1403638541.727829 0.988798 0.170689 0.278199  0.813193  0.113132  0.568415 -0.053120
1403638541.827830 1.042697 0.224259 0.307281  0.812193  0.119548  0.567255 -0.065373
1403638541.927830 1.093653 0.283061 0.341576  0.811190  0.131057  0.564673 -0.077066
1403638542.027829 1.143866 0.343008 0.369905  0.809535  0.146705  0.561244 -0.090202
1403638542.127830 1.193759 0.403366 0.392152  0.806717  0.165971  0.557560 -0.103869
1403638542.227829 1.242573 0.464930 0.407366  0.802910  0.187026  0.553111 -0.120106
1403638542.327830 1.291099 0.527696 0.417128  0.797854  0.210696  0.548518 -0.134777
1403638542.427830 1.340200 0.592085 0.423105  0.786675  0.231301  0.553756 -0.144902
1403638542.527829 1.387551 0.655158 0.428728  0.773238  0.250861  0.563782 -0.146017
1403638542.627830 1.430052 0.722978 0.431931  0.764871  0.265599  0.569084 -0.143431
1403638542.727829 1.461602 0.789311 0.438771  0.765317  0.270416  0.564966 -0.148253
1403638542.827830 1.484887 0.858992 0.452568  0.769906  0.268042  0.557030 -0.158480
1403638542.927830 1.504920 0.934768 0.474124  0.775351  0.264797  0.549159 -0.164736
1403638543.027829 1.520473 1.011608 0.502212  0.779300  0.262086  0.543872 -0.167945
1403638543.127830 1.535069 1.090090 0.528533  0.781552  0.258916  0.541525 -0.169971
1403638543.227829 1.549062 1.168716 0.551074  0.782360  0.257377  0.541261 -0.169428
1403638543.327830 1.561896 1.244212 0.564430  0.782993  0.255235  0.541241 -0.169807
1403638543.427830 1.577404 1.325162 0.574551  0.782977  0.256661  0.540235 -0.170932
1403638543.527829 1.590898 1.406362 0.584834  0.781206  0.263861  0.538046 -0.174931
1403638543.627830 1.605551 1.489393 0.586420  0.776696  0.279441  0.534973 -0.180167
1403638543.727829 1.619116 1.574642 0.591181  0.769803  0.298845  0.531190 -0.189558
1403638543.827830 1.631526 1.662761 0.600367  0.760023  0.321876  0.528178 -0.199470
1403638543.927830 1.642777 1.751989 0.618294  0.750610  0.342457  0.523042 -0.213858
1403638544.027829 1.652596 1.835251 0.640057  0.744080  0.357069  0.516201 -0.228874
1403638544.127830 1.664416 1.922218 0.663428  0.740586  0.366428  0.509217 -0.240752
1403638544.227829 1.678139 2.011599 0.683199  0.737758  0.370791  0.505539 -0.250315
1403638544.327830 1.693540 2.100349 0.695637  0.736043  0.373977  0.503486 -0.254722
1403638544.427830 1.710249 2.192134 0.702852  0.736654  0.375150  0.501184 -0.255768
1403638544.527829 1.727895 2.282097 0.710181  0.735903  0.375255  0.502650 -0.254898
1403638544.627830 1.745901 2.373654 0.717760  0.730582  0.374667  0.508564 -0.259299
1403638544.727829 1.763312 2.462391 0.731557  0.726030  0.374944  0.512918 -0.263083
1403638544.827830 1.779200 2.552579 0.750145  0.727752  0.376914  0.509567 -0.262019
1403638544.927830 1.794228 2.642479 0.762789  0.730603  0.378375  0.504948 -0.260920
1403638545.027829 1.810876 2.729742 0.768567  0.729900  0.378748  0.504838 -0.262556
1403638545.127830 1.825982 2.818563 0.770986  0.728824  0.378964  0.505756 -0.263461
1403638545.227829 1.842504 2.905146 0.764786  0.729035  0.380757  0.504661 -0.262391
1403638545.327830 1.857554 2.991626 0.756047  0.726897  0.381295  0.506967 -0.263096
1403638545.427830 1.875910 3.082234 0.741032  0.725907  0.380448  0.508039 -0.264980
1403638545.527829 1.893523 3.172693 0.725949  0.724615  0.383926  0.505699 -0.267959
1403638545.627830 1.907105 3.257990 0.718780  0.721026  0.392873  0.500078 -0.275126
1403638545.727829 1.923452 3.342636 0.714117  0.714758  0.407020  0.493107 -0.283377
1403638545.827830 1.939742 3.425472 0.719393  0.704243  0.425541  0.486553 -0.293637
1403638545.927830 1.955151 3.509804 0.730820  0.692584  0.446769  0.477842 -0.303961
1403638546.027829 1.971226 3.595875 0.748556  0.680348  0.467419  0.470132 -0.312445
1403638546.127830 1.989331 3.686738 0.763926  0.669702  0.483506  0.464955 -0.318651
1403638546.227829 2.005811 3.780057 0.772747  0.663337  0.492768  0.459401 -0.325752
1403638546.327830 2.021298 3.874077 0.774687  0.660171  0.497536  0.454535 -0.331708
1403638546.427830 2.035552 3.969869 0.771328  0.659816  0.498651  0.450312 -0.336465
1403638546.527829 2.048923 4.063672 0.764448  0.658768  0.500486  0.448946 -0.337619
1403638546.627830 2.061555 4.160285 0.761431  0.655009  0.505524  0.447222 -0.339708
1403638546.727829 2.073547 4.258383 0.766243  0.650130  0.511315  0.444951 -0.343374
1403638546.827830 2.085145 4.360923 0.781661  0.645737  0.517149  0.443918 -0.344263
1403638546.927830 2.094582 4.465288 0.800174  0.642662  0.521347  0.443306 -0.344475
1403638547.027829 2.103342 4.570284 0.813217  0.639561  0.525211  0.444341 -0.343039
1403638547.127830 2.108871 4.676844 0.818740  0.636878  0.529150  0.446194 -0.339555
1403638547.227829 2.112075 4.784963 0.820709  0.635588  0.531187  0.447126 -0.337560
1403638547.327830 2.109246 4.894527 0.816350  0.634723  0.531927  0.448426 -0.336295
1403638547.427830 2.101279 4.997860 0.811006  0.637961  0.528118  0.444302 -0.341603
1403638547.527829 2.092025 5.106283 0.802562  0.641228  0.524084  0.440645 -0.346403
1403638547.627830 2.080362 5.218853 0.785977  0.643500  0.521443  0.438703 -0.348634
1403638547.727829 2.070984 5.334508 0.767593  0.643866  0.521073  0.439729 -0.347215
1403638547.827830 2.053949 5.446421 0.741191  0.641677  0.523326  0.443498 -0.343061
1403638547.927830 2.040187 5.564921 0.716323  0.641479  0.523303  0.444137 -0.342637
1403638548.027829 2.017843 5.657923 0.697318  0.640713  0.524513  0.442535 -0.344292
1403638548.127830 1.996725 5.780422 0.685316  0.638051  0.528362  0.439162 -0.347651
1403638548.227829 1.972411 5.898365 0.683768  0.632646  0.535144  0.433797 -0.353836
1403638548.327830 1.947458 6.022754 0.688238  0.624769  0.544913  0.426749 -0.361412
1403638548.427830 1.920844 6.148843 0.701039  0.615208  0.557214  0.418640 -0.368474
1403638548.527829 1.897866 6.277846 0.720081  0.606650  0.566011  0.412180 -0.376451
1403638548.627830 1.871429 6.406003 0.730663  0.599442  0.572991  0.408314 -0.381614
1403638548.727829 1.849631 6.535009 0.743441  0.594892  0.577709  0.404721 -0.385431
1403638548.827830 1.826701 6.654850 0.754949  0.591919  0.580941  0.402088 -0.387898
1403638548.927830 1.801980 6.778656 0.773532  0.590223  0.582318  0.400686 -0.389863
1403638549.027829 1.775079 6.908461 0.795645  0.589546  0.584132  0.399922 -0.388958
1403638549.127830 1.749757 7.030034 0.826095  0.589957  0.582730  0.399106 -0.391267
1403638549.227829 1.722887 7.156781 0.860701  0.590004  0.582278  0.399293 -0.391679
1403638549.327830 1.695966 7.288918 0.899643  0.591199  0.580421  0.398661 -0.393274
1403638549.427830 1.669985 7.415790 0.942767  0.592460  0.577951  0.397974 -0.395702
1403638549.527829 1.644772 7.547267 0.979951  0.593742  0.576520  0.397358 -0.396485
1403638549.627830 1.619703 7.681056 1.009847  0.592949  0.574621  0.399320 -0.398455
1403638549.727829 1.597511 7.814009 1.038037  0.592418  0.574562  0.401344 -0.397293
1403638549.827830 1.575134 7.947119 1.067906  0.594076  0.574123  0.399370 -0.397443
1403638549.927830 1.554674 8.083192 1.106740  0.594902  0.574954  0.398887 -0.395486
1403638550.027829 1.534993 8.223234 1.153139  0.595890  0.574303  0.397698 -0.396141
1403638550.127830 1.516461 8.366019 1.207843  0.596813  0.573816  0.395959 -0.397197
1403638550.227829 1.499793 8.508519 1.269966  0.596649  0.574556  0.395380 -0.396951
1403638550.327830 1.482891 8.654695 1.337312  0.595761  0.575309  0.396283 -0.396294
1403638550.427830 1.468369 8.800091 1.401604  0.595297  0.574405  0.396117 -0.398460
1403638550.527829 1.454783 8.945375 1.459295  0.596556  0.572874  0.393896 -0.400977
1403638550.627830 1.444291 9.091142 1.509615  0.595856  0.569761  0.394764 -0.405574
1403638550.727829 1.436783 9.234805 1.556184  0.594630  0.566858  0.396412 -0.409810
1403638550.827830 1.433809 9.376999 1.597616  0.592405  0.564114  0.400070 -0.413250
1403638550.927830 1.434668 9.515593 1.637139  0.587945  0.559331  0.406856 -0.419449
1403638551.027829 1.437108 9.651043 1.668380  0.584793  0.555521  0.411193 -0.424658
1403638551.127830 1.441581 9.779251 1.696747  0.583878  0.553112  0.412396 -0.427882
1403638551.227829 1.451707 9.896279 1.733845  0.584277  0.551142  0.410549 -0.431639
1403638551.327830  1.465634 10.006048  1.770046  0.588707  0.550178  0.408392 -0.428887
1403638551.427830  1.484725 10.108479  1.805221  0.599205  0.543562  0.408103 -0.423020
1403638551.527829  1.512252 10.220054  1.844035  0.613879  0.530742  0.410651 -0.415729
1403638551.627830  1.544740 10.332266  1.877214  0.630317  0.512733  0.414813 -0.409555
1403638551.727829  1.586794 10.429790  1.904246  0.645490  0.494234  0.421633 -0.401622
1403638551.827830  1.638289 10.532629  1.926956  0.658888  0.476294  0.430587 -0.391926
1403638551.927830  1.697379 10.625033  1.947826  0.665632  0.465406  0.442800 -0.379816
1403638552.027829  1.762901 10.708771  1.974522  0.667400  0.459115  0.455590 -0.369091
1403638552.127830  1.831893 10.782111  2.006534  0.670406  0.455227  0.461264 -0.361330
1403638552.227829  1.904197 10.848213  2.043392  0.675343  0.453142  0.459749 -0.356659
1403638552.327830  1.979870 10.908160  2.082704  0.678001  0.451884  0.458664 -0.354602
1403638552.427830  2.059676 10.966209  2.118477  0.676465  0.446883  0.461360 -0.360330
1403638552.527829  2.144491 11.011035  2.150102  0.672855  0.442204  0.465646 -0.367281
1403638552.627830  2.231407 11.047975  2.174983  0.669322  0.440802  0.469252 -0.370815
1403638552.727829  2.321021 11.074999  2.192631  0.668502  0.442724  0.468735 -0.370660
1403638552.827830  2.409154 11.088388  2.203566  0.667293  0.445784  0.468573 -0.369373
1403638552.927830  2.504982 11.103634  2.210560  0.665827  0.451502  0.468285 -0.365417
1403638553.027829  2.603702 11.111347  2.214687  0.663490  0.457573  0.469427 -0.360621
1403638553.127830  2.702372 11.115783  2.214308  0.660506  0.459997  0.470901 -0.361090
1403638553.227829  2.801588 11.113787  2.212730  0.655374  0.456380  0.475232 -0.369266
1403638553.327830  2.901160 11.104505  2.213697  0.649488  0.454931  0.480882 -0.374105
1403638553.427830  2.999497 11.084441  2.220355  0.644238  0.457786  0.486867 -0.371954
1403638553.527829  3.095794 11.054366  2.232958  0.639763  0.461220  0.491941 -0.368747
1403638553.627830  3.188612 11.009406  2.249521  0.636782  0.463913  0.495463 -0.365801
1403638553.727829  3.277178 10.954051  2.273448  0.636432  0.465896  0.495232 -0.364197
1403638553.827830  3.364327 10.891029  2.304289  0.637791  0.467867  0.493235 -0.361998
1403638553.927830  3.446847 10.817158  2.338746  0.639586  0.469197  0.491154 -0.359932
1403638554.027829  3.529728 10.743754  2.374651  0.644202  0.468990  0.484966 -0.360363
1403638554.127830  3.601122 10.655885  2.400329  0.645991  0.470700  0.482661 -0.358016
1403638554.227829  3.681099 10.577065  2.426670  0.651097  0.476934  0.475694 -0.349745
1403638554.327830  3.749216 10.484424  2.440855  0.655618  0.482248  0.469243 -0.342655
1403638554.427830  3.825046 10.404728  2.458836  0.658054  0.485310  0.465335 -0.338973
1403638554.527829  3.893344 10.323141  2.471647  0.658825  0.486692  0.463951 -0.337386
1403638554.627830  3.957929 10.241239  2.480666  0.660617  0.485251  0.460856 -0.340190
1403638554.727829  4.019328 10.154555  2.491754  0.661478  0.481529  0.459292 -0.345873
1403638554.827830  4.082141 10.074139  2.509937  0.662293  0.478864  0.457480 -0.350383
1403638554.927830 4.145047 9.990953 2.530266  0.662545  0.476306  0.457213 -0.353729
1403638555.027829 4.209245 9.907521 2.547077  0.664299  0.472006  0.458864 -0.354064
1403638555.127830 4.277710 9.829525 2.560816  0.668916  0.467155  0.461879 -0.347831
1403638555.227829 4.345444 9.743222 2.565449  0.675750  0.458854  0.464744 -0.341800
1403638555.327830 4.416195 9.662251 2.570206  0.681021  0.452002  0.468092 -0.335849
1403638555.427830 4.489324 9.577410 2.570815  0.683221  0.449146  0.473086 -0.328126
1403638555.527829 4.561220 9.492517 2.566021  0.685305  0.445546  0.475499 -0.325187
1403638555.627830 4.633547 9.407755 2.563265  0.686358  0.444088  0.476939 -0.322843
1403638555.727829 4.704852 9.321593 2.568285  0.687843  0.442762  0.475828 -0.323143
1403638555.827830 4.775240 9.234696 2.583147  0.688184  0.443925  0.475265 -0.321646
1403638555.927830 4.844933 9.147230 2.601288  0.687879  0.445457  0.475217 -0.320249
1403638556.027829 4.916001 9.068247 2.627095  0.686733  0.446839  0.476232 -0.319273
1403638556.127830 4.986886 8.987538 2.652378  0.688724  0.447928  0.473165 -0.318017
1403638556.227829 5.058295 8.912436 2.671034  0.693348  0.449170  0.466638 -0.315856
1403638556.327830 5.130800 8.835176 2.684838  0.695937  0.449796  0.462811 -0.314898
1403638556.427830 5.204346 8.769499 2.697101  0.697941  0.450511  0.459821 -0.313819
1403638556.527829 5.280397 8.703236 2.707435  0.701486  0.451835  0.455006 -0.311016
1403638556.627830 5.356566 8.650464 2.718739  0.704641  0.448040  0.450989 -0.315199
1403638556.727829 5.435541 8.604217 2.733298  0.704285  0.441938  0.452298 -0.322647
1403638556.827830 5.520435 8.550760 2.756255  0.701450  0.437559  0.456463 -0.328863
1403638556.927830 5.609642 8.508006 2.785145  0.700173  0.434125  0.458339 -0.333495
1403638557.027829 5.704845 8.463801 2.812237  0.698926  0.433512  0.459970 -0.334660
1403638557.127830 5.806321 8.417645 2.832310  0.697161  0.435793  0.462231 -0.332255
1403638557.227829 5.911109 8.365305 2.846120  0.695780  0.436871  0.464000 -0.331267
1403638557.327830 6.019638 8.314044 2.855220  0.694883  0.438107  0.465007 -0.330103
1403638557.427830 6.131656 8.270646 2.861383  0.692885  0.441152  0.467443 -0.326790
1403638557.527829 6.244489 8.224047 2.873321  0.690133  0.445535  0.471325 -0.321043
1403638557.627830 6.356454 8.176983 2.890945  0.687935  0.448033  0.474412 -0.317718
1403638557.727829 6.466939 8.132840 2.913159  0.687274  0.448757  0.475449 -0.316575
1403638557.827830 6.575231 8.089687 2.933511  0.687030  0.449541  0.476387 -0.314575
1403638557.927830 6.681512 8.046976 2.947290  0.687320  0.451236  0.476216 -0.311761
1403638558.027829 6.786260 8.005246 2.953892  0.690005  0.452279  0.472381 -0.310150
1403638558.127830 6.890226 7.964134 2.956215  0.695092  0.453189  0.465307 -0.308151
1403638558.227829 6.994817 7.927077 2.959708  0.701319  0.454483  0.456523 -0.305261
1403638558.327830 7.102022 7.895740 2.971222  0.703017  0.456836  0.454288 -0.301148
1403638558.427830 7.209719 7.871453 2.993623  0.705416  0.460421  0.450925 -0.295072
1403638558.527829 7.318129 7.854973 3.022662  0.708603  0.461964  0.446525 -0.291697
1403638558.627830 7.432250 7.846918 3.059061  0.709828  0.458053  0.445356 -0.296630
1403638558.727829 7.545919 7.849087 3.098058  0.710387  0.450180  0.445436 -0.307043
1403638558.827830 7.666262 7.856843 3.133867  0.709856  0.445944  0.446741 -0.312507
1403638558.927830 7.787600 7.868999 3.160301  0.706738  0.445310  0.451758 -0.313265
1403638559.027829 7.912188 7.885748 3.179821  0.701622  0.445191  0.459378 -0.313852
1403638559.127830 8.037410 7.906111 3.191852  0.697845  0.444923  0.464677 -0.314851
1403638559.227829 8.162751 7.928813 3.197554  0.694566  0.446483  0.468761 -0.313837
1403638559.327830 8.287201 7.953767 3.195842  0.692207  0.448567  0.471451 -0.312042
1403638559.427830 8.409405 7.979136 3.188549  0.689557  0.452247  0.474556 -0.307865
1403638559.527829 8.526503 8.005699 3.176761  0.687668  0.453696  0.476821 -0.306454
1403638559.627830 8.640136 8.033320 3.160637  0.685964  0.454255  0.478591 -0.306685
1403638559.727829 8.751531 8.062219 3.144651  0.685051  0.454817  0.479137 -0.307042
1403638559.827830 8.859700 8.092745 3.133771  0.685611  0.454835  0.477509 -0.308298
1403638559.927830 8.965625 8.125538 3.127942  0.686699  0.452294  0.478224 -0.308507
1403638560.027829 9.072347 8.158095 3.117640  0.692555  0.442848  0.480586 -0.305436
1403638560.127830 9.176338 8.189893 3.100534  0.701588  0.427096  0.486335 -0.298063
1403638560.227829 9.280371 8.222270 3.077321  0.712223  0.407505  0.494621 -0.286407
1403638560.327830 9.381233 8.253716 3.051614  0.721306  0.384592  0.506431 -0.274471
1403638560.427830 9.479652 8.283835 3.023821  0.729420  0.359895  0.519134 -0.262530
1403638560.527829 9.578026 8.311487 2.993736  0.737554  0.334384  0.530794 -0.249919
1403638560.627830 9.673021 8.336166 2.957695  0.747865  0.306436  0.537899 -0.239708
1403638560.727829 9.762314 8.355105 2.920786  0.758065  0.278891  0.541781 -0.232443
1403638560.827830 9.847528 8.366207 2.890245  0.765406  0.255801  0.547215 -0.221980
1403638560.927830 9.932397 8.371205 2.866948  0.771082  0.233123  0.553452 -0.211609
1403638561.027829 10.014777  8.367592  2.852474  0.773496  0.213313  0.562824 -0.198572
1403638561.127830 10.093876  8.355644  2.844697  0.775874  0.194014  0.570485 -0.186881
1403638561.227829 10.168910  8.336016  2.843159  0.776914  0.178432  0.577049 -0.177714
1403638561.327830 10.238894  8.309722  2.848351  0.778439  0.168515  0.579858 -0.171468
1403638561.427830 10.300345  8.274043  2.849988  0.784478  0.168794  0.575049 -0.159441
1403638561.527829 10.363064  8.233983  2.849998  0.789006  0.173902  0.570607 -0.147090
1403638561.627830 10.422474  8.191164  2.841537  0.791766  0.177730  0.567266 -0.140457
1403638561.727829 10.477881  8.146338  2.828696  0.792600  0.180228  0.565652 -0.139070
1403638561.827830 10.534644  8.101290  2.809176  0.792065  0.182314  0.566042 -0.137807
1403638561.927830 10.583646  8.053173  2.786683  0.792018  0.181141  0.567491 -0.133605
1403638562.027829 10.631326  8.005120  2.759929  0.793377  0.173711  0.569178 -0.128117
1403638562.127830 10.674307  7.954332  2.741227  0.795343  0.163908  0.570960 -0.120702
1403638562.227829 10.711907  7.905049  2.726654  0.796647  0.155593  0.572927 -0.113577
1403638562.327830 10.755135  7.856040  2.719072  0.797798  0.145894  0.575007 -0.107705
1403638562.427830 10.790482  7.807394  2.715486  0.799185  0.132026  0.577686 -0.100752
1403638562.527829 10.825922  7.757436  2.717730  0.802110  0.114265  0.578907 -0.091816
1403638562.627830 10.857687  7.707644  2.726379  0.804078  0.091761  0.581494 -0.083083
1403638562.727829 10.886404  7.655809  2.738496  0.806487  0.066816  0.582776 -0.074073
1403638562.827830 10.911477  7.600601  2.748933  0.808093  0.041298  0.584246 -0.062739
1403638562.927830 10.931124  7.541281  2.753770  0.809399  0.017347  0.584955 -0.048978
1403638563.027829 10.946625  7.479017  2.753315  0.809484 -0.005504  0.585960 -0.036812
1403638563.127830 10.957492  7.413374  2.748062  0.809737 -0.029585  0.585294 -0.029705
1403638563.227829 10.969783  7.341079  2.737816  0.807997 -0.045195  0.587216 -0.016587
1403638563.327830 10.967507  7.265769  2.725059  0.803319 -0.056084  0.592865 -0.006631
1403638563.427830 10.961392  7.187282  2.706993  0.794645 -0.064307  0.603653 -0.002630
1403638563.527829 10.948015  7.105317  2.683631  0.792427 -0.066968  0.606279  0.001034
1403638563.627830 10.927395  7.018863  2.663721  0.795107 -0.066177  0.602830  0.004704
1403638563.727829 10.900387  6.926862  2.650752  0.797990 -0.066772  0.598957  0.002260
1403638563.827830 10.867258  6.830743  2.645043  0.799384 -0.066799  0.597094 -0.001456
1403638563.927830 10.829269  6.728829  2.648525  0.798820 -0.065616  0.597961 -0.004780
1403638564.027829 10.786489  6.620492  2.653277  0.798467 -0.063341  0.598635 -0.008647
1403638564.127830 10.735775  6.508327  2.653212  0.798337 -0.059979  0.599099 -0.011909
1403638564.227829 10.679938  6.389424  2.648941  0.797637 -0.054496  0.600544 -0.012326
1403638564.327830 10.621835  6.262053  2.646714  0.796641 -0.047973  0.602455 -0.010499
1403638564.427830 10.553635  6.134563  2.651183  0.794694 -0.044028  0.605314 -0.010829
1403638564.527829 10.480614  6.002363  2.662724  0.794756 -0.041704  0.605375 -0.012029
1403638564.627830 10.396345  5.867929  2.674591  0.796889 -0.042550  0.602408 -0.016191
1403638564.727829 10.307825  5.728637  2.684606  0.798266 -0.045796  0.600189 -0.021125
1403638564.827830 10.212888  5.590111  2.686104  0.798489 -0.048916  0.599546 -0.023833
1403638564.927830 10.114426  5.440915  2.677017  0.797638 -0.051343  0.600380 -0.026095
1403638565.027829 10.009201  5.287483  2.646091  0.797618 -0.052252  0.600273 -0.027357
1403638565.127830 9.901169 5.128492 2.603957  0.798257 -0.052888  0.599323 -0.028306
1403638565.227829 9.791522 4.963171 2.549983  0.799116 -0.052514  0.598227 -0.027926
1403638565.327830 9.677681 4.791189 2.492359  0.800042 -0.051701  0.597165 -0.025549
1403638565.427830 9.560350 4.615326 2.431564  0.800914 -0.050427  0.596200 -0.023225
1403638565.527829 9.439492 4.433101 2.373812  0.798856 -0.048754  0.599281 -0.017721
1403638565.627830 9.315413 4.247575 2.323736  0.797286 -0.045268  0.601831 -0.009225
1403638565.727829 9.187644 4.061728 2.281332  0.798393 -0.038931  0.600870  0.002936
1403638565.827830 9.054123 3.878005 2.245891  0.801350 -0.036396  0.597016  0.009201
1403638565.927830 8.914627 3.696968 2.217806  0.803712 -0.034434  0.593825  0.015232
1403638566.027829 8.772876 3.520904 2.186395  0.804871 -0.035451  0.592173  0.016045
1403638566.127830 8.628430 3.348016 2.148292  0.805011 -0.035876  0.591944  0.016492
1403638566.227829 8.482221 3.177895 2.100517  0.804690 -0.035685  0.592381  0.016858
1403638566.327830 8.337323 3.011005 2.045193  0.805716 -0.035623  0.591007  0.016223
1403638566.427830 8.192031 2.846787 1.982383  0.805595 -0.034363  0.591258  0.015799
1403638566.527829 8.048333 2.686973 1.913479  0.805925 -0.033722  0.590897  0.013748
1403638566.627830 7.905911 2.532994 1.837511  0.812547 -0.032622  0.581862  0.011844
1403638566.727829 7.765672 2.383520 1.754682  0.824831 -0.031638  0.564392  0.010714
1403638566.827830 7.631715 2.234863 1.668278  0.834501 -0.028541  0.550155  0.011066
1403638566.927830 7.504012 2.088908 1.579772  0.840682 -0.025952  0.540800  0.010755
1403638567.027829 7.382464 1.944434 1.490044  0.840496 -0.024655  0.541172  0.009576
1403638567.127830 7.275627 1.808224 1.402338  0.827914 -0.022115  0.560304  0.011358
1403638567.227829 7.171077 1.672242 1.310476  0.816602 -0.020491  0.576690  0.013034
1403638567.327830 7.066572 1.539812 1.212481  0.810956 -0.019235  0.584566  0.016224
1403638567.427830 6.961392 1.411214 1.114331  0.810482 -0.019523  0.585147  0.018485
1403638567.527829 6.855211 1.285421 1.021043  0.813018 -0.020658  0.581524  0.020117
1403638567.627830 6.747543 1.162965 0.936568  0.816869 -0.021758  0.575985  0.022191
1403638567.727829 6.644096 1.046528 0.862517  0.820050 -0.022398  0.571316  0.024785
1403638567.827830 6.544867 0.934770 0.797832  0.824073 -0.022787  0.565396  0.026692
1403638567.927830 6.453649 0.828588 0.741044  0.825624 -0.025366  0.563125  0.024341
1403638568.027829 6.364675 0.725181 0.689190  0.826277 -0.025457  0.562110  0.025521
1403638568.127830 6.280990 0.626472 0.648931  0.825429 -0.023949  0.563289  0.028269
1403638568.227829 6.201437 0.533537 0.617149  0.824739 -0.022872  0.564234  0.030374
1403638568.327830 6.130395 0.449748 0.592404  0.824932 -0.022878  0.563906  0.031201
1403638568.427830 6.061924 0.372787 0.562274  0.826209 -0.023344  0.562004  0.031385
1403638568.527829 5.996861 0.294887 0.528491  0.827008 -0.022808  0.560813  0.032050
1403638568.627830 5.934607 0.222813 0.488481  0.828642 -0.022448  0.558373  0.032693
1403638568.727829 5.876805 0.153727 0.450555  0.830022 -0.020771  0.556290  0.034258
1403638568.827830 5.822708 0.090903 0.418886  0.829987 -0.021778  0.556425  0.032227
1403638568.927830 5.773969 0.034222 0.392974  0.829947 -0.021141  0.556446  0.033280
1403638569.027829  5.731204 -0.016314  0.375648  0.829078 -0.021177  0.557737  0.033319
1403638569.127830  5.692334 -0.063020  0.367672  0.829218 -0.019983  0.557478  0.034889
1403638569.227829  5.656393 -0.105284  0.364833  0.830750 -0.019042  0.555101  0.036800
1403638569.327830  5.621998 -0.144879  0.355074  0.831451 -0.018857  0.553980  0.037943
1403638569.427830  5.593002 -0.179911  0.343535  0.830487 -0.018283  0.555383  0.038821
1403638569.527829  5.571039 -0.207864  0.324470  0.829267 -0.017994  0.557207  0.038888
1403638569.627830  5.554653 -0.229344  0.307001  0.827878 -0.018605  0.559281  0.038436
1403638569.727829  5.543210 -0.244878  0.296751  0.826986 -0.018274  0.560554  0.039235
1403638569.827830  5.534646 -0.253291  0.293445  0.826363 -0.017828  0.561488  0.039211
1403638569.927830  5.530348 -0.257020  0.295352  0.824554 -0.017159  0.564085  0.040305
1403638570.027829  5.529807 -0.254720  0.298216  0.823390 -0.018379  0.565896  0.038118
1403638570.127830  5.531508 -0.247351  0.296497  0.823560 -0.020708  0.565796  0.034583
1403638570.227829  5.534558 -0.237204  0.288606  0.823135 -0.024064  0.566619  0.028494
1403638570.327830  5.539427 -0.225219  0.275097  0.822878 -0.030386  0.567063  0.019679
1403638570.427830  5.545982 -0.212687  0.257304  0.822610 -0.040529  0.566934  0.016010
1403638570.527829  5.554806 -0.203698  0.232668  0.821482 -0.062459  0.566719  0.009740
1403638570.627830  5.558230 -0.201256  0.202984  0.817886 -0.091596  0.568016  0.005629
1403638570.727829  5.563538 -0.208293  0.170260  0.810070 -0.119132  0.573995  0.011125
1403638570.827830  5.563876 -0.225234  0.135123  0.797641 -0.146156  0.584796  0.020527
1403638570.927830  5.557814 -0.253011  0.096687  0.787883 -0.168930  0.591194  0.034535
1403638571.027829  5.544826 -0.290759  0.057061  0.781211 -0.190099  0.592532  0.049775
1403638571.127830  5.523067 -0.339082  0.012777  0.782385 -0.206020  0.583564  0.069880
1403638571.227829  5.494241 -0.394011 -0.023650  0.784842 -0.214711  0.574083  0.091388
1403638571.327830  5.458943 -0.455779 -0.050455  0.785315 -0.219438  0.568433  0.109594
1403638571.427830  5.417693 -0.520063 -0.067925  0.783180 -0.225431  0.567473  0.117408
1403638571.527829  5.370753 -0.587424 -0.077908  0.780116 -0.228752  0.569101  0.123353
1403638571.627830  5.317752 -0.657412 -0.088935  0.778784 -0.235600  0.566664  0.129926
1403638571.727829  5.261775 -0.730595 -0.105038  0.778702 -0.247214  0.560165  0.136834
1403638571.827830  5.203803 -0.806592 -0.127757  0.777258 -0.262549  0.553070  0.145090
1403638571.927830  5.143457 -0.886226 -0.151043  0.772413 -0.281816  0.548388  0.152411
1403638572.027829  5.077385 -0.970321 -0.163063  0.765967 -0.301212  0.544622  0.161099
1403638572.127830  5.009889 -1.058359 -0.169540  0.758581 -0.319178  0.541368  0.172046
1403638572.227829  4.937973 -1.149235 -0.168126  0.753030 -0.333973  0.534637  0.188604
1403638572.327830  4.865091 -1.241698 -0.165047  0.748713 -0.351805  0.524300  0.201919
1403638572.427830  4.791977 -1.339045 -0.166174  0.743892 -0.368517  0.514173  0.215513
1403638572.527829  4.719352 -1.439376 -0.169254  0.740407 -0.379089  0.506009  0.228131
1403638572.627830  4.648592 -1.543433 -0.172799  0.737169 -0.385644  0.501867  0.236621
1403638572.727829  4.579616 -1.651255 -0.171822  0.736851 -0.388197  0.496959  0.243692
1403638572.827830  4.513980 -1.762796 -0.162163  0.738986 -0.387330  0.491576  0.249456
1403638572.927830  4.453182 -1.877425 -0.145240  0.740867 -0.386753  0.488499  0.250812
1403638573.027829  4.396770 -1.994536 -0.128468  0.743320 -0.385616  0.485468  0.251189
1403638573.127830  4.345246 -2.114153 -0.117732  0.745521 -0.384044  0.483981  0.249940
1403638573.227829  4.296383 -2.238817 -0.111525  0.746471 -0.382244  0.484775  0.248321
1403638573.327830  4.254174 -2.364638 -0.104831  0.747528 -0.380177  0.485539  0.246819
1403638573.427830  4.217239 -2.491532 -0.096202  0.748605 -0.380646  0.482956  0.247895
1403638573.527829  4.187475 -2.622020 -0.080851  0.748421 -0.380735  0.481608  0.250920
1403638573.627830  4.154725 -2.758818 -0.061234  0.748022 -0.381023  0.481407  0.252058
1403638573.727829  4.131281 -2.894203 -0.033394  0.747359 -0.382935  0.478614  0.256405
1403638573.827830  4.115175 -3.031580 -0.002770  0.740230 -0.387042  0.480439  0.267276
1403638573.927830  4.104565 -3.169765  0.023445  0.727751 -0.395788  0.484245  0.281493
1403638574.027829  4.098259 -3.305157  0.043256  0.709478 -0.414084  0.491406  0.289300
1403638574.127830  4.092690 -3.436867  0.057421  0.687958 -0.437103  0.498615  0.295021
1403638574.227829  4.084935 -3.565718  0.066673  0.666866 -0.460835  0.501495  0.302363
1403638574.327830  4.073605 -3.689222  0.071418  0.651199 -0.482185  0.495324  0.313196
1403638574.427830  4.053355 -3.810980  0.073111  0.639369 -0.500564  0.483396  0.327066
1403638574.527829  4.032315 -3.929608  0.072899  0.628149 -0.517690  0.471805  0.338860
1403638574.627830  4.006434 -4.045536  0.079033  0.618590 -0.528333  0.464745  0.349603
1403638574.727829  3.977703 -4.160991  0.092119  0.615662 -0.532503  0.454381  0.361855
1403638574.827830  3.948053 -4.272544  0.111288  0.617772 -0.535307  0.442726  0.368506
1403638574.927830  3.916212 -4.381321  0.129757  0.620044 -0.539952  0.434962  0.367159
1403638575.027829  3.886138 -4.490788  0.140061  0.620901 -0.543658  0.432422  0.363221
1403638575.127830  3.854033 -4.598003  0.145505  0.618420 -0.548318  0.436216  0.355836
1403638575.227829  3.819523 -4.705359  0.146676  0.616334 -0.550101  0.440469  0.351437
1403638575.327830  3.782005 -4.813818  0.142129  0.616998 -0.550560  0.441847  0.347805
1403638575.427830  3.741684 -4.924743  0.134294  0.622155 -0.550180  0.437794  0.344328
1403638575.527829  3.697918 -5.040240  0.123892  0.626931 -0.547974  0.434923  0.342818
1403638575.627830  3.653111 -5.155115  0.117770  0.633652 -0.543473  0.429027  0.345047
1403638575.727829  3.607305 -5.277074  0.118586  0.639897 -0.538901  0.423555  0.347446
1403638575.827830  3.562492 -5.402882  0.127734  0.645789 -0.536319  0.417218  0.348208
1403638575.927830  3.521282 -5.533105  0.148910  0.647659 -0.535190  0.416555  0.347261
1403638576.027829  3.484073 -5.667392  0.179416  0.648069 -0.533916  0.417415  0.347425
1403638576.127830  3.449190 -5.804572  0.216226  0.647821 -0.533209  0.418060  0.348198
1403638576.227829  3.416609 -5.951447  0.254008  0.646972 -0.531521  0.419544  0.350565
1403638576.327830  3.387166 -6.104735  0.285460  0.648064 -0.528365  0.417893  0.355259
1403638576.427830  3.361637 -6.262917  0.310370  0.650210 -0.526257  0.414386  0.358560
1403638576.527829  3.343697 -6.414554  0.331073  0.653944 -0.522575  0.408342  0.364046
1403638576.627830  3.333707 -6.571904  0.343838  0.656708 -0.520292  0.403544  0.367672
1403638576.727829  3.332369 -6.731993  0.353356  0.655986 -0.517846  0.404869  0.370943
1403638576.827830  3.338993 -6.894283  0.358418  0.651914 -0.514418  0.411244  0.375846
1403638576.927830  3.352508 -7.052889  0.359644  0.646260 -0.514667  0.419591  0.376044
1403638577.027829  3.372074 -7.213810  0.355121  0.641521 -0.517634  0.426810  0.371940
1403638577.127830  3.395366 -7.372375  0.356735  0.637838 -0.520285  0.431872  0.368717
1403638577.227829  3.422135 -7.525977  0.365790  0.636202 -0.522096  0.433968  0.366516
1403638577.327830  3.451084 -7.683435  0.382107  0.638612 -0.519235  0.430613  0.370327
1403638577.427830  3.483453 -7.844214  0.406672  0.643312 -0.514309  0.424227  0.376388
1403638577.527829  3.521424 -7.997842  0.432624  0.643959 -0.513748  0.423570  0.376787
1403638577.627830  3.564479 -8.147933  0.453055  0.643088 -0.515676  0.425032  0.373984
1403638577.727829  3.611689 -8.295762  0.466953  0.642896 -0.517123  0.425649  0.371607
1403638577.827830  3.662918 -8.443088  0.473351  0.642636 -0.518302  0.426674  0.369229
1403638577.927830  3.717715 -8.589898  0.475420  0.642888 -0.517562  0.427263  0.369148
1403638578.027829  3.776467 -8.735662  0.479375  0.643115 -0.516133  0.427865  0.370056
1403638578.127830  3.839580 -8.880848  0.490142  0.641620 -0.516904  0.431361  0.367508
1403638578.227829  3.906037 -9.026575  0.507849  0.636543 -0.522005  0.439426  0.359485
1403638578.327830  3.972881 -9.172989  0.528320  0.633165 -0.525998  0.444392  0.353474
1403638578.427830  4.038424 -9.317554  0.543143  0.632520 -0.526489  0.444794  0.353391
1403638578.527829  4.101746 -9.460640  0.551749  0.631950 -0.527053  0.444889  0.353451
1403638578.627830  4.162509 -9.602898  0.557111  0.631100 -0.526929  0.445329  0.354600
1403638578.727829  4.220576 -9.736964  0.557646  0.632602 -0.524591  0.442734  0.358615
1403638578.827830  4.276839 -9.869450  0.555185  0.636275 -0.520938  0.437494  0.363837
1403638578.927830   4.336132 -10.005927   0.551237  0.637517 -0.518111  0.435573  0.367980
1403638579.027829   4.395600 -10.134616   0.549493  0.638597 -0.516003  0.434923  0.369833
1403638579.127830   4.458546 -10.262192   0.556598  0.638853 -0.514989  0.435387  0.370259
1403638579.227829   4.521827 -10.384219   0.572148  0.638797 -0.514698  0.435978  0.370065
1403638579.327830   4.591588 -10.509784   0.592201  0.637201 -0.516369  0.438965  0.366945
1403638579.427830   4.654676 -10.616083   0.610576  0.632563 -0.521564  0.445744  0.359370
1403638579.527829   4.724536 -10.732202   0.624326  0.629331 -0.523886  0.451431  0.354536
1403638579.627830   4.792826 -10.845067   0.633669  0.626947 -0.515815  0.462315  0.356563
1403638579.727829   4.860155 -10.960406   0.637535  0.632719 -0.499697  0.471147  0.357757
1403638579.827830   4.926467 -11.070053   0.635197  0.648103 -0.479725  0.475862  0.351257
1403638579.927830   4.988829 -11.167486   0.623879  0.668902 -0.456617  0.480221  0.336835
1403638580.027829   5.051256 -11.260276   0.610726  0.686473 -0.426803  0.493857  0.320466
1403638580.127830   5.114163 -11.344570   0.596517  0.699533 -0.390389  0.515755  0.303719
1403638580.227829   5.175067 -11.419232   0.577157  0.715384 -0.353707  0.533447  0.280271
1403638580.327830   5.232053 -11.484635   0.551937  0.732927 -0.322164  0.543933  0.251327
1403638580.427830   5.283546 -11.543080   0.520737  0.746653 -0.301690  0.550082  0.221139
1403638580.527829   5.333050 -11.602145   0.488224  0.755263 -0.287407  0.554058  0.199986
1403638580.627830   5.373565 -11.654942   0.451326  0.763543 -0.273583  0.555313  0.183799
1403638580.727829   5.410699 -11.705886   0.419426  0.774467 -0.257841  0.552067  0.170123
1403638580.827830   5.444917 -11.757162   0.398147  0.782575 -0.244936  0.548647  0.162999
1403638580.927830   5.477463 -11.807318   0.386359  0.786834 -0.236828  0.547301  0.158956
1403638581.027829   5.509413 -11.857998   0.382061  0.787981 -0.234819  0.547754  0.154631
1403638581.127830   5.542975 -11.906908   0.390392  0.788448 -0.233111  0.547488  0.155777
1403638581.227829   5.577257 -11.954012   0.404270  0.788572 -0.232755  0.546637  0.158643
1403638581.327830   5.605108 -11.997323   0.415937  0.788180 -0.233358  0.545806  0.162520
1403638581.427830   5.635577 -12.042130   0.426604  0.786308 -0.234386  0.547053  0.165881
1403638581.527829   5.656711 -12.065808   0.453960  0.784974 -0.236813  0.547066  0.168683
1403638581.627830   5.681100 -12.087484   0.487474  0.782502 -0.238152  0.548697  0.172933
1403638581.727829   5.708597 -12.118155   0.506388  0.777851 -0.237970  0.553891  0.177544
1403638581.827830   5.731497 -12.132481   0.529521  0.776082 -0.239542  0.555055  0.179526
1403638581.927830   5.761382 -12.152439   0.544021  0.769331 -0.239244  0.563395  0.182971
1403638582.027829   5.785273 -12.172066   0.547636  0.765870 -0.238430  0.567709  0.185203
1403638582.127830   5.808372 -12.187235   0.554834  0.772135 -0.240778  0.558839  0.183122
1403638582.227829   5.831140 -12.201809   0.573399  0.778235 -0.243221  0.550190  0.180233
1403638582.327830   5.853910 -12.215359   0.602243  0.776762 -0.241424  0.552364  0.182343
1403638582.427830   5.879776 -12.229229   0.639001  0.774309 -0.239918  0.555930  0.183919
1403638582.527829   5.900812 -12.233081   0.688189  0.773194 -0.238914  0.557565  0.184967
1403638582.627830   5.926670 -12.241262   0.742812  0.773068 -0.238374  0.557786  0.185523
1403638582.727829   5.946089 -12.237315   0.808797  0.775622 -0.239317  0.554117  0.184639
1403638582.827830   5.968512 -12.234730   0.878551  0.776980 -0.240228  0.552002  0.184082
1403638582.927830   5.987993 -12.224729   0.947413  0.778220 -0.241392  0.549843  0.183784
1403638583.027829   6.007058 -12.211931   1.008458  0.780936 -0.243015  0.545572  0.182849
1403638583.127830   6.026208 -12.197111   1.061914  0.782986 -0.244193  0.542282  0.182300
1403638583.227829   6.046866 -12.180470   1.108401  0.783996 -0.245648  0.540479  0.181359
1403638583.327830   6.072665 -12.166725   1.146158  0.783895 -0.245418  0.540586  0.181784
1403638583.427830   6.101599 -12.150261   1.179240  0.784179 -0.245652  0.540174  0.181467
1403638583.527829   6.128308 -12.129890   1.217885  0.784755 -0.245730  0.539402  0.181168
1403638583.627830   6.156237 -12.107456   1.265275  0.784658 -0.245155  0.539534  0.181973
1403638583.727829   6.185470 -12.082016   1.317084  0.784556 -0.244382  0.539612  0.183215
1403638583.827830   6.223377 -12.056574   1.351435  0.784397 -0.243781  0.539908  0.183827
1403638583.927830   6.256911 -12.026981   1.389949  0.783565 -0.243785  0.541193  0.183589
1403638584.027829   6.290392 -11.995087   1.423017  0.782881 -0.243001  0.542162  0.184685
1403638584.127830   6.330482 -11.962220   1.441920  0.775972 -0.239585  0.551989  0.189142
1403638584.227829   6.367127 -11.925026   1.463801  0.766313 -0.235830  0.565410  0.193545
1403638584.327830   6.398994 -11.882314   1.480469  0.760546 -0.234404  0.573256  0.194939
1403638584.427830   6.426383 -11.823660   1.467443  0.759525 -0.234322  0.574637  0.194954
1403638584.527829   6.447198 -11.765050   1.474460  0.759166 -0.234451  0.575306  0.194225
1403638584.627830   6.463866 -11.701602   1.488193  0.760371 -0.234264  0.573906  0.193878
1403638584.727829   6.471665 -11.624497   1.482084  0.763905 -0.235549  0.569323  0.191933
1403638584.827830   6.472497 -11.542369   1.474500  0.771959 -0.238749  0.558557  0.187329
1403638584.927830   6.473514 -11.464633   1.483233  0.777986 -0.242900  0.550051  0.182158
1403638585.027829   6.466873 -11.380585   1.472970  0.780708 -0.244188  0.546197  0.180376
1403638585.127830   6.435742 -11.313016   1.440079  0.780901 -0.245023  0.546140  0.178574
1403638585.227829   6.436036 -11.232674   1.440034  0.779790 -0.245209  0.547660  0.178519
1403638585.327830   6.431280 -11.157850   1.431731  0.777450 -0.244067  0.551160  0.179514
1403638585.427830   6.432486 -11.077646   1.424403  0.776895 -0.243862  0.552115  0.179264
1403638585.527829   6.428582 -11.000884   1.415079  0.777875 -0.243667  0.550787  0.179360
1403638585.627830   6.434306 -10.918964   1.418985  0.779946 -0.243834  0.548046  0.178536
1403638585.727829   6.423441 -10.842168   1.425654  0.783898 -0.244446  0.542647  0.176872
1403638585.827830   6.430926 -10.761155   1.445385  0.788596 -0.246603  0.535742  0.174023
1403638585.927830   6.429765 -10.683330   1.472130  0.790892 -0.249118  0.532233  0.170760
1403638586.027829   6.433980 -10.605181   1.507291  0.788105 -0.249482  0.536133  0.170910
1403638586.127830   6.450060 -10.531113   1.537751  0.784396 -0.249185  0.540929  0.173280
1403638586.227829   6.456073 -10.449621   1.561841  0.781925 -0.248175  0.544346  0.175185
1403638586.327830   6.472059 -10.376037   1.579978  0.778758 -0.246370  0.548590  0.178569
1403638586.427830   6.475254 -10.299229   1.593261  0.776084 -0.241427  0.552004  0.186274
1403638586.527829   6.488387 -10.215449   1.602762  0.775034 -0.237324  0.552940  0.193022
1403638586.627830   6.488865 -10.130693   1.603000  0.775502 -0.239106  0.552424  0.190403
1403638586.727829   6.500759 -10.044706   1.599121  0.775469 -0.241708  0.552516  0.186952
1403638586.827830  6.512121 -9.958922  1.588769  0.774630 -0.243691  0.553853  0.183877
1403638586.927830  6.514407 -9.870176  1.572087  0.773971 -0.243183  0.555029  0.183776
1403638587.027829  6.522672 -9.780964  1.551470  0.773796 -0.243473  0.555414  0.182964
1403638587.127830  6.523548 -9.690003  1.532034  0.773932 -0.244025  0.555254  0.182136
1403638587.227829  6.528405 -9.597849  1.521171  0.776203 -0.243497  0.552396  0.181869
1403638587.327830  6.528304 -9.505795  1.518965  0.777755 -0.244016  0.550121  0.181441
1403638587.427830  6.531991 -9.409894  1.520996  0.778373 -0.244986  0.549285  0.180007
1403638587.527829  6.532683 -9.314053  1.522021  0.778080 -0.246003  0.549670  0.178712
1403638587.627830  6.536958 -9.217976  1.519000  0.778021 -0.247259  0.549500  0.177754
1403638587.727829  6.539274 -9.121891  1.510380  0.777872 -0.247233  0.549628  0.178047
1403638587.827830  6.543654 -9.026490  1.495969  0.777370 -0.248446  0.550020  0.177340
1403638587.927830  6.548519 -8.933620  1.475789  0.776996 -0.248925  0.550439  0.177004
1403638588.027829  6.551074 -8.840446  1.453979  0.776328 -0.248970  0.551412  0.176843
1403638588.127830  6.554723 -8.751252  1.427279  0.776693 -0.246702  0.550870  0.180077
1403638588.227829  6.555791 -8.657690  1.399954  0.777613 -0.242059  0.549522  0.186419
1403638588.327830  6.559305 -8.566680  1.374186  0.778256 -0.241135  0.548790  0.187085
1403638588.427830  6.561416 -8.468291  1.360336  0.778129 -0.241032  0.549069  0.186928
1403638588.527829  6.564910 -8.367271  1.352574  0.777862 -0.242487  0.549539  0.184765
1403638588.627830  6.568987 -8.266828  1.352137  0.777211 -0.243687  0.550694  0.182472
1403638588.727829  6.569479 -8.163763  1.358725  0.775509 -0.245638  0.553108  0.179777
1403638588.827830  6.568791 -8.057864  1.368202  0.774844 -0.246407  0.553952  0.178990
1403638588.927830  6.572347 -7.956210  1.370555  0.774633 -0.247922  0.553983  0.177712
1403638589.027829  6.570357 -7.851989  1.365502  0.774605 -0.248634  0.553733  0.177617
1403638589.127830  6.574295 -7.751937  1.355336  0.774836 -0.248229  0.553110  0.179113
1403638589.227829  6.572658 -7.644986  1.338608  0.774487 -0.248209  0.553547  0.179302
1403638589.327830  6.575146 -7.543936  1.318594  0.773851 -0.248333  0.554314  0.179502
1403638589.427830  6.571592 -7.436570  1.301170  0.773906 -0.248592  0.554310  0.178918
1403638589.527829  6.568829 -7.333947  1.289593  0.774296 -0.248592  0.553838  0.178694
1403638589.627830  6.560528 -7.226265  1.284619  0.774102 -0.248357  0.554083  0.179100
1403638589.727829  6.557074 -7.122515  1.292358  0.775882 -0.249145  0.551446  0.178439
1403638589.827830  6.547853 -7.016996  1.300368  0.776694 -0.250093  0.549993  0.178065
1403638589.927830  6.542075 -6.917115  1.308596  0.777202 -0.250077  0.548901  0.179237
1403638590.027829  6.532531 -6.810838  1.305418  0.776729 -0.251531  0.549214  0.178291
1403638590.127830  6.525309 -6.706881  1.303127  0.776207 -0.251805  0.549606  0.178969
1403638590.227829  6.515888 -6.601830  1.290889  0.775344 -0.252100  0.550550  0.179394
1403638590.327830  6.506036 -6.498155  1.278415  0.775022 -0.252289  0.550922  0.179378
1403638590.427830  6.495081 -6.393561  1.259385  0.776038 -0.252554  0.549231  0.179796
1403638590.527829  6.483435 -6.289067  1.240232  0.776064 -0.253383  0.549180  0.178669
1403638590.627830  6.470742 -6.186255  1.225443  0.778117 -0.253857  0.546354  0.177730
1403638590.727829  6.457024 -6.089857  1.219771  0.779134 -0.255211  0.545019  0.175418
1403638590.827830  6.447608 -6.004058  1.222455  0.780243 -0.254934  0.543549  0.175456
1403638590.927830  6.438847 -5.908425  1.231748  0.780777 -0.255681  0.542717  0.174567
1403638591.027829  6.427134 -5.816449  1.246265  0.781539 -0.256822  0.541484  0.173304
1403638591.127830  6.414323 -5.726211  1.258646  0.784173 -0.257511  0.537593  0.172494
1403638591.227829  6.405365 -5.637128  1.265388  0.789123 -0.259222  0.530018  0.170790
1403638591.327830  6.397647 -5.551772  1.264595  0.794766 -0.261856  0.521336  0.167295
1403638591.427830  6.395802 -5.470987  1.260042  0.797940 -0.264049  0.516178  0.164713
1403638591.527829  6.401037 -5.395726  1.249549  0.800487 -0.266407  0.511960  0.161697
1403638591.627830  6.412455 -5.329161  1.233124  0.802526 -0.267855  0.508674  0.159549
1403638591.727829  6.432670 -5.279909  1.215944  0.801420 -0.268513  0.510164  0.159247
1403638591.827830  6.460783 -5.251469  1.200426  0.799094 -0.267237  0.514064  0.160537
1403638591.927830  6.492993 -5.222905  1.189022  0.796477 -0.265803  0.518492  0.161674
1403638592.027829  6.530983 -5.197084  1.187239  0.793851 -0.265176  0.522666  0.162181
1403638592.127830  6.573786 -5.183464  1.194007  0.792345 -0.263740  0.525686  0.162128
1403638592.227829  6.619849 -5.166677  1.211007  0.787704 -0.260324  0.535470  0.158195
1403638592.327830  6.667508 -5.146814  1.237267  0.782932 -0.253643  0.547501  0.151412
1403638592.427830  6.715254 -5.146398  1.275137  0.782707 -0.241818  0.556097  0.140181
1403638592.527829  6.758670 -5.144231  1.316699  0.788033 -0.227263  0.557263  0.129662
1403638592.627830  6.799174 -5.141449  1.363416  0.795525 -0.214138  0.553340  0.122881
1403638592.727829  6.838673 -5.142521  1.412989  0.802806 -0.204736  0.547598  0.117142
1403638592.827830  6.878783 -5.147148  1.458112  0.809211 -0.199281  0.541237  0.111925
1403638592.927830  6.919790 -5.155129  1.498196  0.812735 -0.194974  0.537903  0.110035
1403638593.027829  6.963452 -5.167264  1.533379  0.814173 -0.192407  0.536853  0.109047
1403638593.127830  7.011469 -5.184129  1.563978  0.814238 -0.191340  0.537220  0.108625
1403638593.227829  7.064192 -5.205595  1.599699  0.810826 -0.189344  0.542448  0.111627
1403638593.327830  7.119979 -5.229177  1.642996  0.808221 -0.184606  0.546203  0.119841
1403638593.427830  7.176684 -5.253499  1.688487  0.803633 -0.179034  0.552456  0.130048
1403638593.527829  7.233673 -5.275994  1.728784  0.799894 -0.177129  0.557172  0.135476
1403638593.627830  7.291983 -5.297071  1.759557  0.797964 -0.176853  0.559281  0.138500
1403638593.727829  7.347857 -5.310658  1.789758  0.796010 -0.176568  0.561648  0.140508
1403638593.827830  7.405601 -5.323523  1.811449  0.789692 -0.177528  0.570442  0.139525
1403638593.927830  7.459793 -5.328825  1.840159  0.780456 -0.175303  0.584975  0.134022
1403638594.027829  7.507775 -5.331088  1.869866  0.782909 -0.172515  0.584268  0.126183
1403638594.127830  7.548597 -5.331080  1.906915  0.788871 -0.169550  0.578267  0.120594
1403638594.227829  7.584944 -5.329165  1.943933  0.793722 -0.164586  0.573075  0.120427
1403638594.327830  7.618997 -5.325848  1.975878  0.794001 -0.160302  0.573846  0.120693
1403638594.427830  7.647510 -5.318590  2.011899  0.792605 -0.153948  0.576554  0.125152
1403638594.527829  7.673971 -5.307571  2.048371  0.792300 -0.152719  0.577621  0.123659
1403638594.627830  7.692138 -5.291090  2.096790  0.792804 -0.155176  0.577475  0.117921
1403638594.727829  7.708604 -5.273551  2.141939  0.793316 -0.158122  0.576734  0.114130
1403638594.827830  7.718272 -5.253828  2.185525  0.793617 -0.159824  0.576144  0.112638
1403638594.927830  7.728512 -5.233685  2.216886  0.794455 -0.160850  0.574727  0.112507
1403638595.027829  7.737257 -5.212600  2.242004  0.795974 -0.162484  0.572298  0.111802
1403638595.127830  7.741305 -5.188834  2.263242  0.796881 -0.163666  0.570718  0.111694
1403638595.227829  7.745466 -5.167042  2.276451  0.797333 -0.164027  0.569822  0.112511
1403638595.327830  7.749211 -5.144299  2.284865  0.797410 -0.164276  0.569553  0.112959
1403638595.427830  7.754495 -5.120459  2.290391  0.797244 -0.165164  0.569587  0.112663
1403638595.527829  7.756757 -5.096882  2.289600  0.797828 -0.165191  0.568750  0.112719
1403638595.627830  7.757965 -5.073058  2.289480  0.798444 -0.164509  0.567961  0.113333
1403638595.727829  7.756563 -5.048428  2.294723  0.798974 -0.161524  0.567213  0.117558
1403638595.827830  7.750473 -5.022147  2.302168  0.799770 -0.159907  0.565980  0.120264
1403638595.927830  7.746299 -4.992852  2.303456  0.799500 -0.159432  0.566200  0.121648
1403638596.027829  7.743759 -4.964063  2.288615  0.799279 -0.156786  0.566372  0.125675
1403638596.127830  7.741885 -4.932162  2.267027  0.800435 -0.149942  0.564216  0.135947
1403638596.227829  7.740341 -4.893815  2.248973  0.802450 -0.141296  0.560589  0.147813
1403638596.327830  7.738633 -4.845305  2.242256  0.803584 -0.133186  0.557949  0.158769
1403638596.427830  7.739828 -4.789397  2.240894  0.803526 -0.127652  0.557386  0.165447
1403638596.527829  7.744199 -4.721385  2.251524  0.803346 -0.122003  0.556918  0.172023
1403638596.627830  7.753623 -4.640491  2.267390  0.803837 -0.116193  0.555175  0.179238
1403638596.727829  7.768628 -4.543948  2.290685  0.804475 -0.111312  0.553192  0.185497
1403638596.827830  7.787759 -4.429744  2.322202  0.804029 -0.107838  0.553131  0.189614
1403638596.927830  7.813386 -4.300696  2.360896  0.803137 -0.105884  0.554007  0.191926
1403638597.027829  7.842423 -4.155099  2.397176  0.802139 -0.105868  0.554862  0.193630
1403638597.127830  7.876377 -3.994146  2.427312  0.800560 -0.104837  0.556387  0.196333
1403638597.227829  7.913345 -3.816449  2.449332  0.798400 -0.106115  0.559071  0.196819
1403638597.327830  7.952397 -3.625156  2.467149  0.796360 -0.109828  0.562535  0.193141
1403638597.427830  7.993341 -3.418335  2.478821  0.794297 -0.115587  0.566352  0.187025
1403638597.527829  8.033373 -3.199951  2.488161  0.789856 -0.124560  0.574463  0.174940
1403638597.627830  8.073150 -2.969410  2.489714  0.786472 -0.131973  0.580148  0.165753
1403638597.727829  8.108890 -2.731953  2.487626  0.785640 -0.132614  0.581254  0.165306
1403638597.827830  8.141361 -2.487997  2.481235  0.788248 -0.122814  0.578394  0.170419
1403638597.927830  8.171731 -2.234148  2.469259  0.790903 -0.111478  0.575857  0.174456
1403638598.027829  8.201087 -1.969967  2.457940  0.791883 -0.104945  0.576442  0.172110
1403638598.127830  8.230920 -1.693670  2.453513  0.792391 -0.108886  0.579433  0.156579
1403638598.227829  8.257579 -1.407973  2.454438  0.793394 -0.118516  0.581426  0.135731
1403638598.327830  8.282122 -1.119037  2.457266  0.795938 -0.125824  0.579597  0.121319
1403638598.427830  8.306296 -0.831121  2.455029  0.797956 -0.129345  0.577495  0.114173
1403638598.527829  8.328000 -0.544723  2.446640  0.799624 -0.129170  0.575977  0.110305
1403638598.627830  8.347288 -0.260525  2.429266  0.802884 -0.124099  0.573445  0.105538
1403638598.727829 8.366078 0.021285 2.410337  0.804738 -0.113799  0.574082  0.099377
1403638598.827830 8.383199 0.300830 2.395619  0.805917 -0.101083  0.576275  0.090484
1403638598.927830 8.397895 0.577064 2.386067  0.808483 -0.085484  0.576595  0.081156
1403638599.027829 8.410685 0.851950 2.379470  0.810332 -0.069783  0.577754  0.068498
1403638599.127830 8.422204 1.122687 2.379831  0.811586 -0.051531  0.579099  0.057588
1403638599.227829 8.429540 1.391357 2.384309  0.813183 -0.032945  0.579250  0.046006
1403638599.327830 8.435204 1.659473 2.394969  0.815264 -0.014841  0.577971  0.032771
1403638599.427830 8.437519 1.925463 2.412352 0.818152 0.001622 0.574522 0.023418
1403638599.527829 8.438264 2.191143 2.432033 0.820336 0.012764 0.571502 0.016465
1403638599.627830 8.436677 2.456022 2.445633 0.821966 0.018115 0.569150 0.010582
1403638599.727829 8.434777 2.720047 2.450242 0.823143 0.021333 0.567370 0.008443
1403638599.827830 8.436322 2.982359 2.447083 0.823761 0.020488 0.566518 0.007393
1403638599.927830 8.439965 3.242230 2.439186 0.824970 0.016717 0.564911 0.004608
1403638600.027829 8.446651 3.501357 2.425942  0.824321  0.010143  0.566032 -0.000319
1403638600.127830 8.457339 3.755308 2.409575  0.826382  0.000690  0.563043 -0.008581
1403638600.227829 8.470433 4.004983 2.389155  0.829141 -0.011030  0.558558 -0.020412
1403638600.327830 8.485881 4.245217 2.365011  0.830806 -0.020660  0.555411 -0.029199
1403638600.427830 8.506152 4.473655 2.344082  0.832016 -0.029015  0.552755 -0.037010
1403638600.527829 8.530925 4.687514 2.332597  0.832726 -0.031861  0.551448 -0.038183
1403638600.627830 8.560508 4.886975 2.331483  0.834061 -0.033252  0.549374 -0.037751
1403638600.727829 8.594251 5.069738 2.337514  0.836230 -0.034435  0.545952 -0.038350
1403638600.827830 8.634118 5.238867 2.349200  0.840211 -0.031299  0.540232 -0.034870
